역명,일자, 이용인원 , 승차인원 , 하차인원 
계양,2023-06-01,8360,4264,4096
귤현,2023-06-01,2793,1084,1709
박촌,2023-06-01,7998,4206,3792
임학,2023-06-01,16947,8552,8395
계산,2023-06-01,23140,11764,11376
경인교대입구,2023-06-01,12189,6120,6069
작전,2023-06-01,29115,14818,14297
갈산,2023-06-01,19852,10004,9848
부평구청,2023-06-01,14430,7133,7297
부평시장,2023-06-01,27782,13873,13909
부평,2023-06-01,12814,6442,6372
동수,2023-06-01,8518,4370,4148
부평삼거리,2023-06-01,5589,2836,2753
간석오거리,2023-06-01,23044,11970,11074
인천시청,2023-06-01,11620,5895,5725
예술회관,2023-06-01,23912,11735,12177
인천터미널,2023-06-01,27122,13566,13556
문학경기장,2023-06-01,8310,4092,4218
선학,2023-06-01,12913,6463,6450
신연수,2023-06-01,12107,6145,5962
원인재,2023-06-01,6322,3358,2964
동춘,2023-06-01,21601,10486,11115
동막,2023-06-01,11229,5971,5258
캠퍼스타운,2023-06-01,13959,7296,6663
테크노파크,2023-06-01,22082,10970,11112
지식정보단지,2023-06-01,11039,5368,5671
인천대입구,2023-06-01,18744,9393,9351
센트럴파크(재외동포청),2023-06-01,7938,3942,3996
국제업무지구,2023-06-01,3447,1777,1670
송도달빛축제공원,2023-06-01,12209,6045,6164
계양,2023-06-02,8353,4250,4103
귤현,2023-06-02,2742,1106,1636
박촌,2023-06-02,8486,4492,3994
임학,2023-06-02,17072,8520,8552
계산,2023-06-02,23409,12004,11405
경인교대입구,2023-06-02,12191,6181,6010
작전,2023-06-02,29907,15202,14705
갈산,2023-06-02,19851,10061,9790
부평구청,2023-06-02,14509,7123,7386
부평시장,2023-06-02,28040,14146,13894
부평,2023-06-02,13658,6610,7048
동수,2023-06-02,8637,4455,4182
부평삼거리,2023-06-02,5737,2900,2837
간석오거리,2023-06-02,23171,12101,11070
인천시청,2023-06-02,11689,5892,5797
예술회관,2023-06-02,25213,12078,13135
인천터미널,2023-06-02,31748,15521,16227
문학경기장,2023-06-02,9577,4570,5007
선학,2023-06-02,13403,6705,6698
신연수,2023-06-02,11878,6142,5736
원인재,2023-06-02,6325,3431,2894
동춘,2023-06-02,22065,10747,11318
동막,2023-06-02,12253,6492,5761
캠퍼스타운,2023-06-02,13973,7279,6694
테크노파크,2023-06-02,23315,11755,11560
지식정보단지,2023-06-02,10817,5356,5461
인천대입구,2023-06-02,18119,9203,8916
센트럴파크(재외동포청),2023-06-02,8720,4293,4427
국제업무지구,2023-06-02,3559,1787,1772
송도달빛축제공원,2023-06-02,12926,6462,6464
계양,2023-06-03,6580,3143,3437
귤현,2023-06-03,1638,766,872
박촌,2023-06-03,5728,3009,2719
임학,2023-06-03,12576,6495,6081
계산,2023-06-03,19496,9853,9643
경인교대입구,2023-06-03,9861,4955,4906
작전,2023-06-03,22145,11404,10741
갈산,2023-06-03,10031,5216,4815
부평구청,2023-06-03,10809,5250,5559
부평시장,2023-06-03,19852,10014,9838
부평,2023-06-03,12948,6442,6506
동수,2023-06-03,5857,3055,2802
부평삼거리,2023-06-03,4234,2093,2141
간석오거리,2023-06-03,17669,9301,8368
인천시청,2023-06-03,8106,4226,3880
예술회관,2023-06-03,19417,8966,10451
인천터미널,2023-06-03,29860,14353,15507
문학경기장,2023-06-03,13524,6567,6957
선학,2023-06-03,10595,5345,5250
신연수,2023-06-03,6611,3444,3167
원인재,2023-06-03,4284,2303,1981
동춘,2023-06-03,16464,8100,8364
동막,2023-06-03,7005,3718,3287
캠퍼스타운,2023-06-03,9401,4889,4512
테크노파크,2023-06-03,20131,9941,10190
지식정보단지,2023-06-03,4609,2329,2280
인천대입구,2023-06-03,11277,5606,5671
센트럴파크(재외동포청),2023-06-03,8483,4149,4334
국제업무지구,2023-06-03,1833,1001,832
송도달빛축제공원,2023-06-03,13662,6812,6850
계양,2023-06-04,5070,2368,2702
귤현,2023-06-04,1278,595,683
박촌,2023-06-04,4432,2284,2148
임학,2023-06-04,9157,4628,4529
계산,2023-06-04,14473,7108,7365
경인교대입구,2023-06-04,7654,3811,3843
작전,2023-06-04,14843,7612,7231
갈산,2023-06-04,7427,3898,3529
부평구청,2023-06-04,7532,3698,3834
부평시장,2023-06-04,15369,7761,7608
부평,2023-06-04,9338,4856,4482
동수,2023-06-04,4423,2256,2167
부평삼거리,2023-06-04,3570,1800,1770
간석오거리,2023-06-04,13329,6923,6406
인천시청,2023-06-04,5788,2993,2795
예술회관,2023-06-04,13488,6558,6930
인천터미널,2023-06-04,23776,12029,11747
문학경기장,2023-06-04,9491,4666,4825
선학,2023-06-04,8385,4192,4193
신연수,2023-06-04,4737,2407,2330
원인재,2023-06-04,3064,1639,1425
동춘,2023-06-04,12640,6233,6407
동막,2023-06-04,4669,2393,2276
캠퍼스타운,2023-06-04,7068,3325,3743
테크노파크,2023-06-04,15804,7812,7992
지식정보단지,2023-06-04,3191,1613,1578
인천대입구,2023-06-04,8291,3957,4334
센트럴파크(재외동포청),2023-06-04,6046,2997,3049
국제업무지구,2023-06-04,989,555,434
송도달빛축제공원,2023-06-04,12446,6115,6331
계양,2023-06-05,7382,3766,3616
귤현,2023-06-05,2382,950,1432
박촌,2023-06-05,7070,3777,3293
임학,2023-06-05,16029,8226,7803
계산,2023-06-05,20823,10608,10215
경인교대입구,2023-06-05,11475,5733,5742
작전,2023-06-05,26075,13480,12595
갈산,2023-06-05,16767,8563,8204
부평구청,2023-06-05,13492,6666,6826
부평시장,2023-06-05,26437,13186,13251
부평,2023-06-05,13345,6609,6736
동수,2023-06-05,8083,4212,3871
부평삼거리,2023-06-05,5249,2676,2573
간석오거리,2023-06-05,20793,11006,9787
인천시청,2023-06-05,10430,5348,5082
예술회관,2023-06-05,23562,11321,12241
인천터미널,2023-06-05,27778,13489,14289
문학경기장,2023-06-05,3282,1641,1641
선학,2023-06-05,11855,5967,5888
신연수,2023-06-05,10288,5217,5071
원인재,2023-06-05,5413,2829,2584
동춘,2023-06-05,19506,9437,10069
동막,2023-06-05,10075,5430,4645
캠퍼스타운,2023-06-05,12127,6036,6091
테크노파크,2023-06-05,21330,10556,10774
지식정보단지,2023-06-05,8612,4260,4352
인천대입구,2023-06-05,17719,8763,8956
센트럴파크(재외동포청),2023-06-05,8367,4170,4197
국제업무지구,2023-06-05,3029,1567,1462
송도달빛축제공원,2023-06-05,9873,5037,4836
계양,2023-06-06,5545,2658,2887
귤현,2023-06-06,1292,547,745
박촌,2023-06-06,4441,2314,2127
임학,2023-06-06,9576,4865,4711
계산,2023-06-06,15859,7799,8060
경인교대입구,2023-06-06,7546,3762,3784
작전,2023-06-06,15606,7904,7702
갈산,2023-06-06,8037,4104,3933
부평구청,2023-06-06,7858,3827,4031
부평시장,2023-06-06,16237,8056,8181
부평,2023-06-06,9630,4864,4766
동수,2023-06-06,4493,2296,2197
부평삼거리,2023-06-06,3762,1822,1940
간석오거리,2023-06-06,13908,7241,6667
인천시청,2023-06-06,5569,2838,2731
예술회관,2023-06-06,13323,6452,6871
인천터미널,2023-06-06,21505,10831,10674
문학경기장,2023-06-06,2002,1004,998
선학,2023-06-06,8442,4205,4237
신연수,2023-06-06,5487,2793,2694
원인재,2023-06-06,3018,1579,1439
동춘,2023-06-06,12972,6388,6584
동막,2023-06-06,5080,2735,2345
캠퍼스타운,2023-06-06,7378,3649,3729
테크노파크,2023-06-06,15833,7829,8004
지식정보단지,2023-06-06,3908,1940,1968
인천대입구,2023-06-06,9412,4648,4764
센트럴파크(재외동포청),2023-06-06,6329,3122,3207
국제업무지구,2023-06-06,1424,727,697
송도달빛축제공원,2023-06-06,6702,3325,3377
계양,2023-06-07,8126,4100,4026
귤현,2023-06-07,2706,1040,1666
박촌,2023-06-07,8135,4264,3871
임학,2023-06-07,17069,8599,8470
계산,2023-06-07,22991,11687,11304
경인교대입구,2023-06-07,11822,5897,5925
작전,2023-06-07,28745,14662,14083
갈산,2023-06-07,19483,9830,9653
부평구청,2023-06-07,14224,7013,7211
부평시장,2023-06-07,27588,13777,13811
부평,2023-06-07,12348,6082,6266
동수,2023-06-07,8706,4429,4277
부평삼거리,2023-06-07,5594,2783,2811
간석오거리,2023-06-07,22189,11614,10575
인천시청,2023-06-07,11835,5974,5861
예술회관,2023-06-07,23306,11449,11857
인천터미널,2023-06-07,25982,12909,13073
문학경기장,2023-06-07,3506,1731,1775
선학,2023-06-07,12689,6372,6317
신연수,2023-06-07,11994,6062,5932
원인재,2023-06-07,6252,3344,2908
동춘,2023-06-07,21103,10349,10754
동막,2023-06-07,11267,5942,5325
캠퍼스타운,2023-06-07,12657,6390,6267
테크노파크,2023-06-07,21341,10685,10656
지식정보단지,2023-06-07,10930,5331,5599
인천대입구,2023-06-07,17853,8917,8936
센트럴파크(재외동포청),2023-06-07,7479,3693,3786
국제업무지구,2023-06-07,3418,1737,1681
송도달빛축제공원,2023-06-07,10337,5203,5134
계양,2023-06-08,8006,4070,3936
귤현,2023-06-08,2627,994,1633
박촌,2023-06-08,8054,4209,3845
임학,2023-06-08,16339,8212,8127
계산,2023-06-08,22045,11218,10827
경인교대입구,2023-06-08,12049,6119,5930
작전,2023-06-08,28095,14253,13842
갈산,2023-06-08,19365,9819,9546
부평구청,2023-06-08,14098,6918,7180
부평시장,2023-06-08,27379,13666,13713
부평,2023-06-08,12334,6176,6158
동수,2023-06-08,8379,4208,4171
부평삼거리,2023-06-08,5231,2647,2584
간석오거리,2023-06-08,22044,11465,10579
인천시청,2023-06-08,11324,5687,5637
예술회관,2023-06-08,23656,11660,11996
인천터미널,2023-06-08,26009,13039,12970
문학경기장,2023-06-08,3389,1711,1678
선학,2023-06-08,12360,6206,6154
신연수,2023-06-08,11685,5932,5753
원인재,2023-06-08,5988,3228,2760
동춘,2023-06-08,20188,9798,10390
동막,2023-06-08,11136,5848,5288
캠퍼스타운,2023-06-08,12628,6449,6179
테크노파크,2023-06-08,20950,10455,10495
지식정보단지,2023-06-08,10765,5199,5566
인천대입구,2023-06-08,17388,8895,8493
센트럴파크(재외동포청),2023-06-08,7442,3672,3770
국제업무지구,2023-06-08,3442,1750,1692
송도달빛축제공원,2023-06-08,10019,4958,5061
계양,2023-06-09,8243,4169,4074
귤현,2023-06-09,2720,1077,1643
박촌,2023-06-09,8345,4418,3927
임학,2023-06-09,16926,8560,8366
계산,2023-06-09,23006,11730,11276
경인교대입구,2023-06-09,11742,5940,5802
작전,2023-06-09,29158,14830,14328
갈산,2023-06-09,19697,9972,9725
부평구청,2023-06-09,14599,7183,7416
부평시장,2023-06-09,28730,14372,14358
부평,2023-06-09,13676,6649,7027
동수,2023-06-09,8710,4473,4237
부평삼거리,2023-06-09,5723,2905,2818
간석오거리,2023-06-09,22622,11846,10776
인천시청,2023-06-09,11510,5860,5650
예술회관,2023-06-09,25030,11977,13053
인천터미널,2023-06-09,30236,14837,15399
문학경기장,2023-06-09,3444,1785,1659
선학,2023-06-09,13386,6745,6641
신연수,2023-06-09,11771,6016,5755
원인재,2023-06-09,6602,3511,3091
동춘,2023-06-09,21505,10488,11017
동막,2023-06-09,11952,6338,5614
캠퍼스타운,2023-06-09,13225,6762,6463
테크노파크,2023-06-09,22606,11340,11266
지식정보단지,2023-06-09,10479,5156,5323
인천대입구,2023-06-09,16937,8541,8396
센트럴파크(재외동포청),2023-06-09,8304,4089,4215
국제업무지구,2023-06-09,3446,1772,1674
송도달빛축제공원,2023-06-09,10583,5419,5164
계양,2023-06-10,6062,2883,3179
귤현,2023-06-10,1646,733,913
박촌,2023-06-10,5865,3099,2766
임학,2023-06-10,11791,6059,5732
계산,2023-06-10,18269,9142,9127
경인교대입구,2023-06-10,9225,4571,4654
작전,2023-06-10,21179,10897,10282
갈산,2023-06-10,9597,4956,4641
부평구청,2023-06-10,10382,5062,5320
부평시장,2023-06-10,19203,9594,9609
부평,2023-06-10,13141,6520,6621
동수,2023-06-10,5744,2911,2833
부평삼거리,2023-06-10,3926,1971,1955
간석오거리,2023-06-10,16633,8722,7911
인천시청,2023-06-10,7798,4079,3719
예술회관,2023-06-10,18526,8639,9887
인천터미널,2023-06-10,27235,13371,13864
문학경기장,2023-06-10,2594,1274,1320
선학,2023-06-10,10468,5211,5257
신연수,2023-06-10,6332,3309,3023
원인재,2023-06-10,3924,2078,1846
동춘,2023-06-10,15347,7654,7693
동막,2023-06-10,6786,3663,3123
캠퍼스타운,2023-06-10,8841,4670,4171
테크노파크,2023-06-10,18135,8907,9228
지식정보단지,2023-06-10,4290,2184,2106
인천대입구,2023-06-10,10658,5270,5388
센트럴파크(재외동포청),2023-06-10,7503,3684,3819
국제업무지구,2023-06-10,1685,902,783
송도달빛축제공원,2023-06-10,7480,3775,3705
계양,2023-06-11,4584,2075,2509
귤현,2023-06-11,1134,541,593
박촌,2023-06-11,4197,2202,1995
임학,2023-06-11,8226,4176,4050
계산,2023-06-11,13613,6741,6872
경인교대입구,2023-06-11,7108,3598,3510
작전,2023-06-11,14056,7109,6947
갈산,2023-06-11,6455,3321,3134
부평구청,2023-06-11,7268,3510,3758
부평시장,2023-06-11,14188,7086,7102
부평,2023-06-11,8573,4496,4077
동수,2023-06-11,4057,2067,1990
부평삼거리,2023-06-11,3257,1631,1626
간석오거리,2023-06-11,11965,6194,5771
인천시청,2023-06-11,5482,2823,2659
예술회관,2023-06-11,11882,5757,6125
인천터미널,2023-06-11,22254,11092,11162
문학경기장,2023-06-11,1507,737,770
선학,2023-06-11,8051,4032,4019
신연수,2023-06-11,4421,2241,2180
원인재,2023-06-11,2578,1376,1202
동춘,2023-06-11,8929,4411,4518
동막,2023-06-11,4817,2501,2316
캠퍼스타운,2023-06-11,5988,2930,3058
테크노파크,2023-06-11,14144,7026,7118
지식정보단지,2023-06-11,2858,1395,1463
인천대입구,2023-06-11,7307,3499,3808
센트럴파크(재외동포청),2023-06-11,4904,2416,2488
국제업무지구,2023-06-11,650,343,307
송도달빛축제공원,2023-06-11,5770,2882,2888
계양,2023-06-12,7887,3999,3888
귤현,2023-06-12,2623,1036,1587
박촌,2023-06-12,7924,4131,3793
임학,2023-06-12,16355,8274,8081
계산,2023-06-12,22374,11369,11005
경인교대입구,2023-06-12,11616,5797,5819
작전,2023-06-12,28589,14561,14028
갈산,2023-06-12,19126,9660,9466
부평구청,2023-06-12,14275,7051,7224
부평시장,2023-06-12,26913,13462,13451
부평,2023-06-12,12474,6197,6277
동수,2023-06-12,8499,4380,4119
부평삼거리,2023-06-12,5208,2641,2567
간석오거리,2023-06-12,22034,11608,10426
인천시청,2023-06-12,10773,5392,5381
예술회관,2023-06-12,23527,11574,11953
인천터미널,2023-06-12,24106,11674,12432
문학경기장,2023-06-12,3507,1757,1750
선학,2023-06-12,12239,6164,6075
신연수,2023-06-12,11467,5781,5686
원인재,2023-06-12,5861,3178,2683
동춘,2023-06-12,20189,9764,10425
동막,2023-06-12,10918,5821,5097
캠퍼스타운,2023-06-12,12284,6145,6139
테크노파크,2023-06-12,20985,10591,10394
지식정보단지,2023-06-12,10719,5233,5486
인천대입구,2023-06-12,17629,8793,8836
센트럴파크(재외동포청),2023-06-12,7102,3557,3545
국제업무지구,2023-06-12,3293,1678,1615
송도달빛축제공원,2023-06-12,10078,5027,5051
계양,2023-06-13,8138,4178,3960
귤현,2023-06-13,2689,1023,1666
박촌,2023-06-13,8223,4305,3918
임학,2023-06-13,16714,8466,8248
계산,2023-06-13,22367,11315,11052
경인교대입구,2023-06-13,11875,6011,5864
작전,2023-06-13,28786,14636,14150
갈산,2023-06-13,19611,9923,9688
부평구청,2023-06-13,14488,7163,7325
부평시장,2023-06-13,27561,13833,13728
부평,2023-06-13,12389,6113,6276
동수,2023-06-13,8796,4472,4324
부평삼거리,2023-06-13,5685,2850,2835
간석오거리,2023-06-13,22370,11638,10732
인천시청,2023-06-13,11288,5728,5560
예술회관,2023-06-13,24444,11992,12452
인천터미널,2023-06-13,26373,12880,13493
문학경기장,2023-06-13,6680,3191,3489
선학,2023-06-13,12571,6335,6236
신연수,2023-06-13,12028,6084,5944
원인재,2023-06-13,6258,3335,2923
동춘,2023-06-13,20644,10062,10582
동막,2023-06-13,11111,5919,5192
캠퍼스타운,2023-06-13,12292,6126,6166
테크노파크,2023-06-13,21527,10779,10748
지식정보단지,2023-06-13,11037,5434,5603
인천대입구,2023-06-13,17779,8954,8825
센트럴파크(재외동포청),2023-06-13,7737,3854,3883
국제업무지구,2023-06-13,3489,1789,1700
송도달빛축제공원,2023-06-13,10384,5181,5203
계양,2023-06-14,7981,4034,3947
귤현,2023-06-14,2648,1043,1605
박촌,2023-06-14,8330,4354,3976
임학,2023-06-14,16529,8354,8175
계산,2023-06-14,22678,11537,11141
경인교대입구,2023-06-14,11820,5961,5859
작전,2023-06-14,28810,14639,14171
갈산,2023-06-14,19592,9884,9708
부평구청,2023-06-14,14746,7321,7425
부평시장,2023-06-14,27323,13694,13629
부평,2023-06-14,13188,6501,6687
동수,2023-06-14,8685,4394,4291
부평삼거리,2023-06-14,5537,2778,2759
간석오거리,2023-06-14,22713,11849,10864
인천시청,2023-06-14,11862,5962,5900
예술회관,2023-06-14,24505,12029,12476
인천터미널,2023-06-14,26823,13221,13602
문학경기장,2023-06-14,6516,3166,3350
선학,2023-06-14,13022,6588,6434
신연수,2023-06-14,11747,5986,5761
원인재,2023-06-14,6370,3405,2965
동춘,2023-06-14,21155,10339,10816
동막,2023-06-14,11522,6075,5447
캠퍼스타운,2023-06-14,12468,6286,6182
테크노파크,2023-06-14,21970,11123,10847
지식정보단지,2023-06-14,10787,5274,5513
인천대입구,2023-06-14,18041,9148,8893
센트럴파크(재외동포청),2023-06-14,7769,3880,3889
국제업무지구,2023-06-14,3462,1775,1687
송도달빛축제공원,2023-06-14,10294,5147,5147
계양,2023-06-15,8052,4011,4041
귤현,2023-06-15,2580,1003,1577
박촌,2023-06-15,8075,4243,3832
임학,2023-06-15,16683,8433,8250
계산,2023-06-15,22042,11205,10837
경인교대입구,2023-06-15,11928,6103,5825
작전,2023-06-15,28402,14452,13950
갈산,2023-06-15,19412,9813,9599
부평구청,2023-06-15,14155,6958,7197
부평시장,2023-06-15,27643,13831,13812
부평,2023-06-15,13336,6590,6746
동수,2023-06-15,8639,4408,4231
부평삼거리,2023-06-15,5563,2813,2750
간석오거리,2023-06-15,22278,11583,10695
인천시청,2023-06-15,11305,5770,5535
예술회관,2023-06-15,24764,12056,12708
인천터미널,2023-06-15,27007,13381,13626
문학경기장,2023-06-15,6937,3416,3521
선학,2023-06-15,13121,6572,6549
신연수,2023-06-15,11535,5840,5695
원인재,2023-06-15,6176,3322,2854
동춘,2023-06-15,21124,10307,10817
동막,2023-06-15,11322,5927,5395
캠퍼스타운,2023-06-15,12800,6498,6302
테크노파크,2023-06-15,22088,10926,11162
지식정보단지,2023-06-15,10433,5114,5319
인천대입구,2023-06-15,15822,7955,7867
센트럴파크(재외동포청),2023-06-15,7764,3842,3922
국제업무지구,2023-06-15,3460,1775,1685
송도달빛축제공원,2023-06-15,10286,5155,5131
계양,2023-06-16,8503,4328,4175
귤현,2023-06-16,2723,1081,1642
박촌,2023-06-16,8340,4353,3987
임학,2023-06-16,16881,8611,8270
계산,2023-06-16,22811,11726,11085
경인교대입구,2023-06-16,12005,6056,5949
작전,2023-06-16,29644,15119,14525
갈산,2023-06-16,19432,9821,9611
부평구청,2023-06-16,14728,7253,7475
부평시장,2023-06-16,28335,14063,14272
부평,2023-06-16,14552,7179,7373
동수,2023-06-16,8691,4446,4245
부평삼거리,2023-06-16,5597,2796,2801
간석오거리,2023-06-16,22592,11921,10671
인천시청,2023-06-16,12026,6076,5950
예술회관,2023-06-16,26003,12411,13592
인천터미널,2023-06-16,31903,15661,16242
문학경기장,2023-06-16,11976,5702,6274
선학,2023-06-16,13402,6726,6676
신연수,2023-06-16,11773,5985,5788
원인재,2023-06-16,6377,3371,3006
동춘,2023-06-16,22213,10896,11317
동막,2023-06-16,11539,6165,5374
캠퍼스타운,2023-06-16,13179,6731,6448
테크노파크,2023-06-16,23760,11891,11869
지식정보단지,2023-06-16,10388,5103,5285
인천대입구,2023-06-16,16097,8107,7990
센트럴파크(재외동포청),2023-06-16,8710,4294,4416
국제업무지구,2023-06-16,3478,1761,1717
송도달빛축제공원,2023-06-16,10671,5421,5250
계양,2023-06-17,7077,3382,3695
귤현,2023-06-17,1827,853,974
박촌,2023-06-17,6155,3262,2893
임학,2023-06-17,12701,6478,6223
계산,2023-06-17,19661,9885,9776
경인교대입구,2023-06-17,9822,4965,4857
작전,2023-06-17,22708,11676,11032
갈산,2023-06-17,10007,5260,4747
부평구청,2023-06-17,10691,5236,5455
부평시장,2023-06-17,19603,9817,9786
부평,2023-06-17,14005,6908,7097
동수,2023-06-17,5782,2977,2805
부평삼거리,2023-06-17,4276,2156,2120
간석오거리,2023-06-17,17657,9237,8420
인천시청,2023-06-17,8297,4270,4027
예술회관,2023-06-17,19850,9318,10532
인천터미널,2023-06-17,30225,14725,15500
문학경기장,2023-06-17,16306,7874,8432
선학,2023-06-17,11449,5868,5581
신연수,2023-06-17,6745,3551,3194
원인재,2023-06-17,4069,2151,1918
동춘,2023-06-17,16027,8012,8015
동막,2023-06-17,7194,3835,3359
캠퍼스타운,2023-06-17,8697,4564,4133
테크노파크,2023-06-17,19795,9750,10045
지식정보단지,2023-06-17,4680,2411,2269
인천대입구,2023-06-17,12054,5912,6142
센트럴파크(재외동포청),2023-06-17,8988,4344,4644
국제업무지구,2023-06-17,1694,902,792
송도달빛축제공원,2023-06-17,8480,4268,4212
계양,2023-06-18,4903,2273,2630
귤현,2023-06-18,1201,519,682
박촌,2023-06-18,4268,2193,2075
임학,2023-06-18,8964,4466,4498
계산,2023-06-18,14120,7022,7098
경인교대입구,2023-06-18,7364,3724,3640
작전,2023-06-18,14366,7300,7066
갈산,2023-06-18,6864,3539,3325
부평구청,2023-06-18,7596,3645,3951
부평시장,2023-06-18,14801,7366,7435
부평,2023-06-18,9295,4924,4371
동수,2023-06-18,4315,2180,2135
부평삼거리,2023-06-18,3473,1730,1743
간석오거리,2023-06-18,12580,6549,6031
인천시청,2023-06-18,5882,2999,2883
예술회관,2023-06-18,12316,5989,6327
인천터미널,2023-06-18,23762,12056,11706
문학경기장,2023-06-18,10261,5098,5163
선학,2023-06-18,8073,4036,4037
신연수,2023-06-18,4591,2347,2244
원인재,2023-06-18,2702,1403,1299
동춘,2023-06-18,11726,5762,5964
동막,2023-06-18,4506,2319,2187
캠퍼스타운,2023-06-18,6221,3025,3196
테크노파크,2023-06-18,16304,8110,8194
지식정보단지,2023-06-18,2988,1521,1467
인천대입구,2023-06-18,8313,3953,4360
센트럴파크(재외동포청),2023-06-18,6263,3064,3199
국제업무지구,2023-06-18,724,375,349
송도달빛축제공원,2023-06-18,6572,3258,3314
계양,2023-06-19,7645,3831,3814
귤현,2023-06-19,2435,970,1465
박촌,2023-06-19,7817,4066,3751
임학,2023-06-19,15911,8088,7823
계산,2023-06-19,21109,10758,10351
경인교대입구,2023-06-19,11155,5673,5482
작전,2023-06-19,27447,13853,13594
갈산,2023-06-19,18696,9439,9257
부평구청,2023-06-19,13524,6687,6837
부평시장,2023-06-19,26253,13144,13109
부평,2023-06-19,12513,6255,6258
동수,2023-06-19,8238,4202,4036
부평삼거리,2023-06-19,5140,2603,2537
간석오거리,2023-06-19,21016,11012,10004
인천시청,2023-06-19,10752,5484,5268
예술회관,2023-06-19,23061,11308,11753
인천터미널,2023-06-19,26170,12891,13279
문학경기장,2023-06-19,3478,1705,1773
선학,2023-06-19,12000,6050,5950
신연수,2023-06-19,10847,5504,5343
원인재,2023-06-19,5814,3125,2689
동춘,2023-06-19,20135,9801,10334
동막,2023-06-19,10971,5830,5141
캠퍼스타운,2023-06-19,12029,6016,6013
테크노파크,2023-06-19,20961,10525,10436
지식정보단지,2023-06-19,10062,4923,5139
인천대입구,2023-06-19,14311,7003,7308
센트럴파크(재외동포청),2023-06-19,6847,3453,3394
국제업무지구,2023-06-19,3360,1719,1641
송도달빛축제공원,2023-06-19,9850,4959,4891
계양,2023-06-20,7938,4071,3867
귤현,2023-06-20,2522,994,1528
박촌,2023-06-20,7960,4108,3852
임학,2023-06-20,16331,8292,8039
계산,2023-06-20,21051,10770,10281
경인교대입구,2023-06-20,11425,5727,5698
작전,2023-06-20,27577,13926,13651
갈산,2023-06-20,19501,9870,9631
부평구청,2023-06-20,13809,6827,6982
부평시장,2023-06-20,27399,13708,13691
부평,2023-06-20,12318,6174,6144
동수,2023-06-20,8338,4229,4109
부평삼거리,2023-06-20,5160,2599,2561
간석오거리,2023-06-20,21115,11030,10085
인천시청,2023-06-20,11108,5596,5512
예술회관,2023-06-20,23293,11426,11867
인천터미널,2023-06-20,25781,12843,12938
문학경기장,2023-06-20,3465,1765,1700
선학,2023-06-20,12535,6163,6372
신연수,2023-06-20,11405,5788,5617
원인재,2023-06-20,5940,3192,2748
동춘,2023-06-20,20227,9897,10330
동막,2023-06-20,10892,5760,5132
캠퍼스타운,2023-06-20,12256,6161,6095
테크노파크,2023-06-20,21082,10491,10591
지식정보단지,2023-06-20,10270,4998,5272
인천대입구,2023-06-20,14100,6994,7106
센트럴파크(재외동포청),2023-06-20,7449,3691,3758
국제업무지구,2023-06-20,3388,1690,1698
송도달빛축제공원,2023-06-20,9957,4977,4980
계양,2023-06-21,7530,3789,3741
귤현,2023-06-21,2412,926,1486
박촌,2023-06-21,7853,4123,3730
임학,2023-06-21,16035,8060,7975
계산,2023-06-21,19793,10065,9728
경인교대입구,2023-06-21,11335,5720,5615
작전,2023-06-21,27347,13886,13461
갈산,2023-06-21,19125,9620,9505
부평구청,2023-06-21,13957,6882,7075
부평시장,2023-06-21,26262,13059,13203
부평,2023-06-21,12330,6254,6076
동수,2023-06-21,8141,4144,3997
부평삼거리,2023-06-21,5083,2546,2537
간석오거리,2023-06-21,21402,11216,10186
인천시청,2023-06-21,11264,5709,5555
예술회관,2023-06-21,23844,11599,12245
인천터미널,2023-06-21,25513,12632,12881
문학경기장,2023-06-21,3217,1618,1599
선학,2023-06-21,12162,6089,6073
신연수,2023-06-21,10859,5507,5352
원인재,2023-06-21,5787,3109,2678
동춘,2023-06-21,20288,9851,10437
동막,2023-06-21,10951,5820,5131
캠퍼스타운,2023-06-21,12050,6140,5910
테크노파크,2023-06-21,20764,10435,10329
지식정보단지,2023-06-21,9841,4805,5036
인천대입구,2023-06-21,13594,6850,6744
센트럴파크(재외동포청),2023-06-21,7314,3690,3624
국제업무지구,2023-06-21,3287,1676,1611
송도달빛축제공원,2023-06-21,9937,4986,4951
계양,2023-06-22,7788,3922,3866
귤현,2023-06-22,2576,1034,1542
박촌,2023-06-22,8134,4249,3885
임학,2023-06-22,16432,8318,8114
계산,2023-06-22,21058,10683,10375
경인교대입구,2023-06-22,11454,5788,5666
작전,2023-06-22,27987,14186,13801
갈산,2023-06-22,19571,9911,9660
부평구청,2023-06-22,14030,6872,7158
부평시장,2023-06-22,27499,13762,13737
부평,2023-06-22,13098,6594,6504
동수,2023-06-22,8360,4252,4108
부평삼거리,2023-06-22,5443,2802,2641
간석오거리,2023-06-22,22107,11599,10508
인천시청,2023-06-22,11404,5805,5599
예술회관,2023-06-22,24683,12023,12660
인천터미널,2023-06-22,27168,13380,13788
문학경기장,2023-06-22,3452,1751,1701
선학,2023-06-22,12733,6359,6374
신연수,2023-06-22,11437,5796,5641
원인재,2023-06-22,6207,3313,2894
동춘,2023-06-22,21719,10595,11124
동막,2023-06-22,11493,6082,5411
캠퍼스타운,2023-06-22,12847,6634,6213
테크노파크,2023-06-22,22338,11105,11233
지식정보단지,2023-06-22,10264,5013,5251
인천대입구,2023-06-22,14233,7060,7173
센트럴파크(재외동포청),2023-06-22,8354,4096,4258
국제업무지구,2023-06-22,3446,1726,1720
송도달빛축제공원,2023-06-22,10373,5245,5128
계양,2023-06-23,8102,4067,4035
귤현,2023-06-23,2702,1088,1614
박촌,2023-06-23,8440,4485,3955
임학,2023-06-23,16978,8677,8301
계산,2023-06-23,21549,10925,10624
경인교대입구,2023-06-23,11885,5948,5937
작전,2023-06-23,29209,14948,14261
갈산,2023-06-23,19680,10043,9637
부평구청,2023-06-23,14415,7059,7356
부평시장,2023-06-23,28671,14290,14381
부평,2023-06-23,14364,7078,7286
동수,2023-06-23,8741,4484,4257
부평삼거리,2023-06-23,5654,2895,2759
간석오거리,2023-06-23,22474,11849,10625
인천시청,2023-06-23,11525,5858,5667
예술회관,2023-06-23,25841,12331,13510
인천터미널,2023-06-23,31279,15200,16079
문학경기장,2023-06-23,10806,5166,5640
선학,2023-06-23,13653,6901,6752
신연수,2023-06-23,11517,5903,5614
원인재,2023-06-23,6185,3331,2854
동춘,2023-06-23,22295,10811,11484
동막,2023-06-23,11406,6061,5345
캠퍼스타운,2023-06-23,12842,6562,6280
테크노파크,2023-06-23,23394,11662,11732
지식정보단지,2023-06-23,10178,4944,5234
인천대입구,2023-06-23,14497,7189,7308
센트럴파크(재외동포청),2023-06-23,8822,4375,4447
국제업무지구,2023-06-23,3432,1754,1678
송도달빛축제공원,2023-06-23,10627,5422,5205
계양,2023-06-24,6591,3142,3449
귤현,2023-06-24,1728,772,956
박촌,2023-06-24,5883,3105,2778
임학,2023-06-24,12551,6382,6169
계산,2023-06-24,18787,9463,9324
경인교대입구,2023-06-24,9604,4716,4888
작전,2023-06-24,21722,11248,10474
갈산,2023-06-24,9760,5082,4678
부평구청,2023-06-24,10795,5197,5598
부평시장,2023-06-24,19963,10036,9927
부평,2023-06-24,13604,6780,6824
동수,2023-06-24,5876,3019,2857
부평삼거리,2023-06-24,4337,2116,2221
간석오거리,2023-06-24,16915,8881,8034
인천시청,2023-06-24,7976,4087,3889
예술회관,2023-06-24,19062,8943,10119
인천터미널,2023-06-24,29554,14348,15206
문학경기장,2023-06-24,13164,6393,6771
선학,2023-06-24,10887,5513,5374
신연수,2023-06-24,6499,3415,3084
원인재,2023-06-24,4370,2306,2064
동춘,2023-06-24,16368,8078,8290
동막,2023-06-24,7222,3804,3418
캠퍼스타운,2023-06-24,8329,4348,3981
테크노파크,2023-06-24,20228,9924,10304
지식정보단지,2023-06-24,4537,2328,2209
인천대입구,2023-06-24,13043,6530,6513
센트럴파크(재외동포청),2023-06-24,8374,4120,4254
국제업무지구,2023-06-24,1830,974,856
송도달빛축제공원,2023-06-24,8218,4252,3966
계양,2023-06-25,4890,2240,2650
귤현,2023-06-25,1162,554,608
박촌,2023-06-25,4259,2181,2078
임학,2023-06-25,8846,4443,4403
계산,2023-06-25,14093,7034,7059
경인교대입구,2023-06-25,7367,3683,3684
작전,2023-06-25,14680,7563,7117
갈산,2023-06-25,6559,3379,3180
부평구청,2023-06-25,7633,3668,3965
부평시장,2023-06-25,15006,7423,7583
부평,2023-06-25,8861,4714,4147
동수,2023-06-25,4223,2126,2097
부평삼거리,2023-06-25,3254,1616,1638
간석오거리,2023-06-25,12156,6374,5782
인천시청,2023-06-25,5368,2703,2665
예술회관,2023-06-25,12123,5809,6314
인천터미널,2023-06-25,23710,12236,11474
문학경기장,2023-06-25,7748,3833,3915
선학,2023-06-25,7866,3950,3916
신연수,2023-06-25,4580,2316,2264
원인재,2023-06-25,3166,1671,1495
동춘,2023-06-25,9879,4879,5000
동막,2023-06-25,4776,2466,2310
캠퍼스타운,2023-06-25,5725,2919,2806
테크노파크,2023-06-25,15733,7745,7988
지식정보단지,2023-06-25,2964,1493,1471
인천대입구,2023-06-25,9173,4482,4691
센트럴파크(재외동포청),2023-06-25,4860,2409,2451
국제업무지구,2023-06-25,747,398,349
송도달빛축제공원,2023-06-25,6078,2996,3082
계양,2023-06-26,7021,3575,3446
귤현,2023-06-26,2269,889,1380
박촌,2023-06-26,7393,3869,3524
임학,2023-06-26,15030,7628,7402
계산,2023-06-26,18412,9374,9038
경인교대입구,2023-06-26,10281,5123,5158
작전,2023-06-26,25971,13213,12758
갈산,2023-06-26,18525,9312,9213
부평구청,2023-06-26,12861,6359,6502
부평시장,2023-06-26,25185,12642,12543
부평,2023-06-26,11786,6037,5749
동수,2023-06-26,7999,4108,3891
부평삼거리,2023-06-26,4901,2500,2401
간석오거리,2023-06-26,20411,10631,9780
인천시청,2023-06-26,10547,5334,5213
예술회관,2023-06-26,22136,10959,11177
인천터미널,2023-06-26,23667,11565,12102
문학경기장,2023-06-26,2947,1479,1468
선학,2023-06-26,11479,5672,5807
신연수,2023-06-26,10593,5391,5202
원인재,2023-06-26,5647,3001,2646
동춘,2023-06-26,19346,9487,9859
동막,2023-06-26,10160,5384,4776
캠퍼스타운,2023-06-26,10832,5438,5394
테크노파크,2023-06-26,19261,9602,9659
지식정보단지,2023-06-26,9447,4578,4869
인천대입구,2023-06-26,12419,6126,6293
센트럴파크(재외동포청),2023-06-26,6605,3374,3231
국제업무지구,2023-06-26,3066,1562,1504
송도달빛축제공원,2023-06-26,8901,4419,4482
계양,2023-06-27,7745,3906,3839
귤현,2023-06-27,2439,953,1486
박촌,2023-06-27,7869,4158,3711
임학,2023-06-27,16291,8209,8082
계산,2023-06-27,20004,10201,9803
경인교대입구,2023-06-27,11011,5499,5512
작전,2023-06-27,27692,14133,13559
갈산,2023-06-27,19357,9794,9563
부평구청,2023-06-27,14142,6999,7143
부평시장,2023-06-27,27471,13689,13782
부평,2023-06-27,12618,6417,6201
동수,2023-06-27,8733,4464,4269
부평삼거리,2023-06-27,5448,2772,2676
간석오거리,2023-06-27,22103,11558,10545
인천시청,2023-06-27,11417,5847,5570
예술회관,2023-06-27,23966,11712,12254
인천터미널,2023-06-27,26322,12962,13360
문학경기장,2023-06-27,9945,4812,5133
선학,2023-06-27,12343,6177,6166
신연수,2023-06-27,11277,5789,5488
원인재,2023-06-27,6242,3373,2869
동춘,2023-06-27,21086,10345,10741
동막,2023-06-27,11107,5838,5269
캠퍼스타운,2023-06-27,11830,5904,5926
테크노파크,2023-06-27,21417,10666,10751
지식정보단지,2023-06-27,10208,4985,5223
인천대입구,2023-06-27,13305,6601,6704
센트럴파크(재외동포청),2023-06-27,7744,3868,3876
국제업무지구,2023-06-27,3542,1829,1713
송도달빛축제공원,2023-06-27,10160,5066,5094
계양,2023-06-28,7865,3974,3891
귤현,2023-06-28,2519,990,1529
박촌,2023-06-28,8111,4294,3817
임학,2023-06-28,16279,8210,8069
계산,2023-06-28,20160,10242,9918
경인교대입구,2023-06-28,11080,5624,5456
작전,2023-06-28,28112,14259,13853
갈산,2023-06-28,19495,9874,9621
부평구청,2023-06-28,14059,6971,7088
부평시장,2023-06-28,27476,13658,13818
부평,2023-06-28,13169,6682,6487
동수,2023-06-28,8644,4366,4278
부평삼거리,2023-06-28,5495,2765,2730
간석오거리,2023-06-28,22239,11651,10588
인천시청,2023-06-28,11537,5778,5759
예술회관,2023-06-28,25251,12287,12964
인천터미널,2023-06-28,26607,13147,13460
문학경기장,2023-06-28,9737,4681,5056
선학,2023-06-28,12654,6311,6343
신연수,2023-06-28,11255,5717,5538
원인재,2023-06-28,5918,3164,2754
동춘,2023-06-28,21026,10266,10760
동막,2023-06-28,10922,5852,5070
캠퍼스타운,2023-06-28,11956,5997,5959
테크노파크,2023-06-28,21045,10452,10593
지식정보단지,2023-06-28,10078,4934,5144
인천대입구,2023-06-28,13871,6869,7002
센트럴파크(재외동포청),2023-06-28,7696,3841,3855
국제업무지구,2023-06-28,3410,1749,1661
송도달빛축제공원,2023-06-28,10377,5215,5162
계양,2023-06-29,6907,3462,3445
귤현,2023-06-29,2258,852,1406
박촌,2023-06-29,7236,3796,3440
임학,2023-06-29,14620,7371,7249
계산,2023-06-29,17845,9091,8754
경인교대입구,2023-06-29,9859,4941,4918
작전,2023-06-29,25083,12748,12335
갈산,2023-06-29,18076,9034,9042
부평구청,2023-06-29,12338,6104,6234
부평시장,2023-06-29,23659,11913,11746
부평,2023-06-29,11294,5795,5499
동수,2023-06-29,7909,4028,3881
부평삼거리,2023-06-29,4537,2294,2243
간석오거리,2023-06-29,19389,10140,9249
인천시청,2023-06-29,10213,5226,4987
예술회관,2023-06-29,22165,10877,11288
인천터미널,2023-06-29,22372,11036,11336
문학경기장,2023-06-29,3167,1599,1568
선학,2023-06-29,11116,5547,5569
신연수,2023-06-29,10019,5114,4905
원인재,2023-06-29,5157,2813,2344
동춘,2023-06-29,18474,8988,9486
동막,2023-06-29,10137,5313,4824
캠퍼스타운,2023-06-29,10283,5175,5108
테크노파크,2023-06-29,18999,9359,9640
지식정보단지,2023-06-29,9268,4488,4780
인천대입구,2023-06-29,12055,5952,6103
센트럴파크(재외동포청),2023-06-29,6764,3339,3425
국제업무지구,2023-06-29,3168,1618,1550
송도달빛축제공원,2023-06-29,8673,4341,4332
계양,2023-06-30,8041,4078,3963
귤현,2023-06-30,2564,1022,1542
박촌,2023-06-30,8222,4342,3880
임학,2023-06-30,16709,8457,8252
계산,2023-06-30,20726,10594,10132
경인교대입구,2023-06-30,11264,5642,5622
작전,2023-06-30,28966,14803,14163
갈산,2023-06-30,19350,9824,9526
부평구청,2023-06-30,14091,6900,7191
부평시장,2023-06-30,27703,13834,13869
부평,2023-06-30,14043,6885,7158
동수,2023-06-30,8357,4295,4062
부평삼거리,2023-06-30,5435,2811,2624
간석오거리,2023-06-30,22147,11589,10558
인천시청,2023-06-30,11342,5783,5559
예술회관,2023-06-30,25631,12111,13520
인천터미널,2023-06-30,29908,14651,15257
문학경기장,2023-06-30,3544,1812,1732
선학,2023-06-30,13114,6665,6449
신연수,2023-06-30,11287,5775,5512
원인재,2023-06-30,6326,3343,2983
동춘,2023-06-30,21783,10636,11147
동막,2023-06-30,11112,5910,5202
캠퍼스타운,2023-06-30,12027,6124,5903
테크노파크,2023-06-30,22583,11154,11429
지식정보단지,2023-06-30,10016,4903,5113
인천대입구,2023-06-30,13729,6823,6906
센트럴파크(재외동포청),2023-06-30,8509,4226,4283
국제업무지구,2023-06-30,3422,1724,1698
송도달빛축제공원,2023-06-30,10448,5289,5159
계양,2023-07-01,6115,2931,3184
귤현,2023-07-01,1634,779,855
박촌,2023-07-01,5319,2816,2503
임학,2023-07-01,11591,5880,5711
계산,2023-07-01,17098,8585,8513
경인교대입구,2023-07-01,8796,4342,4454
작전,2023-07-01,20244,10446,9798
갈산,2023-07-01,9145,4794,4351
부평구청,2023-07-01,9828,4807,5021
부평시장,2023-07-01,18172,9104,9068
부평,2023-07-01,12594,6324,6270
동수,2023-07-01,5455,2782,2673
부평삼거리,2023-07-01,3829,1910,1919
간석오거리,2023-07-01,16249,8537,7712
인천시청,2023-07-01,6891,3536,3355
예술회관,2023-07-01,17766,8329,9437
인천터미널,2023-07-01,27003,13040,13963
문학경기장,2023-07-01,2427,1212,1215
선학,2023-07-01,9926,5024,4902
신연수,2023-07-01,6177,3239,2938
원인재,2023-07-01,3612,1946,1666
동춘,2023-07-01,15895,7878,8017
동막,2023-07-01,6405,3352,3053
캠퍼스타운,2023-07-01,7670,4003,3667
테크노파크,2023-07-01,18978,9380,9598
지식정보단지,2023-07-01,4247,2167,2080
인천대입구,2023-07-01,10250,5109,5141
센트럴파크(재외동포청),2023-07-01,7834,3807,4027
국제업무지구,2023-07-01,1684,900,784
송도달빛축제공원,2023-07-01,7854,3932,3922
계양,2023-07-02,4394,2048,2346
귤현,2023-07-02,1135,504,631
박촌,2023-07-02,4026,2027,1999
임학,2023-07-02,8640,4303,4337
계산,2023-07-02,13067,6453,6614
경인교대입구,2023-07-02,6972,3504,3468
작전,2023-07-02,14083,7157,6926
갈산,2023-07-02,6348,3231,3117
부평구청,2023-07-02,7055,3441,3614
부평시장,2023-07-02,14296,7117,7179
부평,2023-07-02,8623,4552,4071
동수,2023-07-02,4056,2098,1958
부평삼거리,2023-07-02,3161,1584,1577
간석오거리,2023-07-02,12092,6242,5850
인천시청,2023-07-02,5164,2624,2540
예술회관,2023-07-02,11523,5582,5941
인천터미널,2023-07-02,21836,11091,10745
문학경기장,2023-07-02,1169,567,602
선학,2023-07-02,7869,3833,4036
신연수,2023-07-02,4289,2205,2084
원인재,2023-07-02,2554,1312,1242
동춘,2023-07-02,11784,5828,5956
동막,2023-07-02,4248,2210,2038
캠퍼스타운,2023-07-02,5514,2749,2765
테크노파크,2023-07-02,14792,7263,7529
지식정보단지,2023-07-02,2990,1489,1501
인천대입구,2023-07-02,7841,3761,4080
센트럴파크(재외동포청),2023-07-02,5618,2762,2856
국제업무지구,2023-07-02,755,384,371
송도달빛축제공원,2023-07-02,6353,3155,3198
계양,2023-07-03,7313,3689,3624
귤현,2023-07-03,2386,941,1445
박촌,2023-07-03,7695,4048,3647
임학,2023-07-03,15582,7906,7676
계산,2023-07-03,19692,9961,9731
경인교대입구,2023-07-03,10614,5314,5300
작전,2023-07-03,27185,13826,13359
갈산,2023-07-03,19055,9720,9335
부평구청,2023-07-03,13715,6809,6906
부평시장,2023-07-03,26277,13233,13044
부평,2023-07-03,12725,6480,6245
동수,2023-07-03,8282,4223,4059
부평삼거리,2023-07-03,4984,2526,2458
간석오거리,2023-07-03,21319,11185,10134
인천시청,2023-07-03,10577,5370,5207
예술회관,2023-07-03,23438,11521,11917
인천터미널,2023-07-03,25431,12522,12909
문학경기장,2023-07-03,3518,1764,1754
선학,2023-07-03,11941,5974,5967
신연수,2023-07-03,11009,5570,5439
원인재,2023-07-03,5619,3038,2581
동춘,2023-07-03,20106,9730,10376
동막,2023-07-03,10780,5732,5048
캠퍼스타운,2023-07-03,11602,5838,5764
테크노파크,2023-07-03,20845,10310,10535
지식정보단지,2023-07-03,9811,4772,5039
인천대입구,2023-07-03,13317,6559,6758
센트럴파크(재외동포청),2023-07-03,7218,3630,3588
국제업무지구,2023-07-03,3521,1808,1713
송도달빛축제공원,2023-07-03,9854,4955,4899
계양,2023-07-04,7076,3585,3491
귤현,2023-07-04,2254,892,1362
박촌,2023-07-04,7706,4022,3684
임학,2023-07-04,15056,7565,7491
계산,2023-07-04,18231,9308,8923
경인교대입구,2023-07-04,10127,5129,4998
작전,2023-07-04,25967,13100,12867
갈산,2023-07-04,18578,9411,9167
부평구청,2023-07-04,12917,6394,6523
부평시장,2023-07-04,25035,12544,12491
부평,2023-07-04,12308,6298,6010
동수,2023-07-04,8276,4164,4112
부평삼거리,2023-07-04,4704,2416,2288
간석오거리,2023-07-04,20471,10632,9839
인천시청,2023-07-04,10283,5193,5090
예술회관,2023-07-04,22422,11089,11333
인천터미널,2023-07-04,23178,11566,11612
문학경기장,2023-07-04,3519,1766,1753
선학,2023-07-04,11242,5577,5665
신연수,2023-07-04,10458,5313,5145
원인재,2023-07-04,5205,2825,2380
동춘,2023-07-04,18673,9040,9633
동막,2023-07-04,10481,5558,4923
캠퍼스타운,2023-07-04,10895,5479,5416
테크노파크,2023-07-04,20178,10097,10081
지식정보단지,2023-07-04,9586,4584,5002
인천대입구,2023-07-04,12625,6234,6391
센트럴파크(재외동포청),2023-07-04,6718,3302,3416
국제업무지구,2023-07-04,3450,1756,1694
송도달빛축제공원,2023-07-04,8843,4446,4397
계양,2023-07-05,7511,3774,3737
귤현,2023-07-05,2476,975,1501
박촌,2023-07-05,8147,4314,3833
임학,2023-07-05,16143,8222,7921
계산,2023-07-05,20419,10349,10070
경인교대입구,2023-07-05,11035,5510,5525
작전,2023-07-05,27928,14199,13729
갈산,2023-07-05,19443,9874,9569
부평구청,2023-07-05,13997,6951,7046
부평시장,2023-07-05,27028,13512,13516
부평,2023-07-05,13686,6963,6723
동수,2023-07-05,8615,4374,4241
부평삼거리,2023-07-05,5168,2686,2482
간석오거리,2023-07-05,22289,11583,10706
인천시청,2023-07-05,11591,5954,5637
예술회관,2023-07-05,24797,12151,12646
인천터미널,2023-07-05,25768,12633,13135
문학경기장,2023-07-05,12354,6025,6329
선학,2023-07-05,12725,6387,6338
신연수,2023-07-05,11120,5658,5462
원인재,2023-07-05,5964,3226,2738
동춘,2023-07-05,21414,10543,10871
동막,2023-07-05,11256,5954,5302
캠퍼스타운,2023-07-05,12097,6114,5983
테크노파크,2023-07-05,22097,10953,11144
지식정보단지,2023-07-05,10001,4856,5145
인천대입구,2023-07-05,13938,6917,7021
센트럴파크(재외동포청),2023-07-05,7976,3972,4004
국제업무지구,2023-07-05,3485,1783,1702
송도달빛축제공원,2023-07-05,10605,5184,5421
계양,2023-07-06,7945,3976,3969
귤현,2023-07-06,2436,1001,1435
박촌,2023-07-06,7892,4144,3748
임학,2023-07-06,16567,8359,8208
계산,2023-07-06,20447,10395,10052
경인교대입구,2023-07-06,10852,5426,5426
작전,2023-07-06,28064,14327,13737
갈산,2023-07-06,19526,9903,9623
부평구청,2023-07-06,14390,7062,7328
부평시장,2023-07-06,26993,13497,13496
부평,2023-07-06,13680,7046,6634
동수,2023-07-06,8560,4357,4203
부평삼거리,2023-07-06,5453,2778,2675
간석오거리,2023-07-06,22381,11730,10651
인천시청,2023-07-06,11380,5712,5668
예술회관,2023-07-06,24006,11722,12284
인천터미널,2023-07-06,26812,13244,13568
문학경기장,2023-07-06,15587,7526,8061
선학,2023-07-06,12413,6117,6296
신연수,2023-07-06,11185,5701,5484
원인재,2023-07-06,5932,3190,2742
동춘,2023-07-06,21544,10556,10988
동막,2023-07-06,11694,6130,5564
캠퍼스타운,2023-07-06,12303,6159,6144
테크노파크,2023-07-06,22715,11342,11373
지식정보단지,2023-07-06,10365,5121,5244
인천대입구,2023-07-06,14897,7427,7470
센트럴파크(재외동포청),2023-07-06,8130,4014,4116
국제업무지구,2023-07-06,3608,1840,1768
송도달빛축제공원,2023-07-06,10658,5353,5305
계양,2023-07-07,7683,3890,3793
귤현,2023-07-07,2510,1039,1471
박촌,2023-07-07,8256,4372,3884
임학,2023-07-07,16867,8532,8335
계산,2023-07-07,20995,10735,10260
경인교대입구,2023-07-07,11156,5597,5559
작전,2023-07-07,28844,14747,14097
갈산,2023-07-07,19485,9912,9573
부평구청,2023-07-07,14110,6971,7139
부평시장,2023-07-07,27374,13760,13614
부평,2023-07-07,14832,7441,7391
동수,2023-07-07,8566,4403,4163
부평삼거리,2023-07-07,5261,2697,2564
간석오거리,2023-07-07,22676,11883,10793
인천시청,2023-07-07,11551,5870,5681
예술회관,2023-07-07,26290,12559,13731
인천터미널,2023-07-07,30930,14811,16119
문학경기장,2023-07-07,3759,1904,1855
선학,2023-07-07,13223,6705,6518
신연수,2023-07-07,11648,6006,5642
원인재,2023-07-07,5987,3162,2825
동춘,2023-07-07,22126,10825,11301
동막,2023-07-07,12234,6504,5730
캠퍼스타운,2023-07-07,12745,6451,6294
테크노파크,2023-07-07,23400,11638,11762
지식정보단지,2023-07-07,10109,4985,5124
인천대입구,2023-07-07,15793,7868,7925
센트럴파크(재외동포청),2023-07-07,8860,4432,4428
국제업무지구,2023-07-07,3666,1772,1894
송도달빛축제공원,2023-07-07,10581,5497,5084
계양,2023-07-08,6292,3057,3235
귤현,2023-07-08,1578,682,896
박촌,2023-07-08,5577,2921,2656
임학,2023-07-08,12160,6268,5892
계산,2023-07-08,17397,8723,8674
경인교대입구,2023-07-08,8890,4554,4336
작전,2023-07-08,21304,10925,10379
갈산,2023-07-08,9523,4993,4530
부평구청,2023-07-08,10238,5022,5216
부평시장,2023-07-08,18835,9357,9478
부평,2023-07-08,13567,6905,6662
동수,2023-07-08,5661,2890,2771
부평삼거리,2023-07-08,4060,2022,2038
간석오거리,2023-07-08,16565,8729,7836
인천시청,2023-07-08,7528,3927,3601
예술회관,2023-07-08,19424,9229,10195
인천터미널,2023-07-08,27452,13328,14124
문학경기장,2023-07-08,2800,1342,1458
선학,2023-07-08,10433,5215,5218
신연수,2023-07-08,6292,3300,2992
원인재,2023-07-08,3945,2076,1869
동춘,2023-07-08,16191,7977,8214
동막,2023-07-08,6797,3522,3275
캠퍼스타운,2023-07-08,8098,4187,3911
테크노파크,2023-07-08,20545,10076,10469
지식정보단지,2023-07-08,4230,2165,2065
인천대입구,2023-07-08,11565,5724,5841
센트럴파크(재외동포청),2023-07-08,7940,3973,3967
국제업무지구,2023-07-08,1708,904,804
송도달빛축제공원,2023-07-08,8299,4176,4123
계양,2023-07-09,3916,1708,2208
귤현,2023-07-09,1023,462,561
박촌,2023-07-09,3836,2000,1836
임학,2023-07-09,7751,3872,3879
계산,2023-07-09,11536,5783,5753
경인교대입구,2023-07-09,6601,3243,3358
작전,2023-07-09,12758,6535,6223
갈산,2023-07-09,5836,2931,2905
부평구청,2023-07-09,6652,3210,3442
부평시장,2023-07-09,12972,6473,6499
부평,2023-07-09,8586,4520,4066
동수,2023-07-09,3828,1960,1868
부평삼거리,2023-07-09,2722,1356,1366
간석오거리,2023-07-09,11055,5743,5312
인천시청,2023-07-09,4808,2455,2353
예술회관,2023-07-09,11659,5568,6091
인천터미널,2023-07-09,20593,10569,10024
문학경기장,2023-07-09,1260,600,660
선학,2023-07-09,7068,3465,3603
신연수,2023-07-09,3882,2017,1865
원인재,2023-07-09,2382,1238,1144
동춘,2023-07-09,8421,4121,4300
동막,2023-07-09,4084,2082,2002
캠퍼스타운,2023-07-09,5374,2702,2672
테크노파크,2023-07-09,14655,7287,7368
지식정보단지,2023-07-09,2751,1373,1378
인천대입구,2023-07-09,7954,3818,4136
센트럴파크(재외동포청),2023-07-09,4093,1984,2109
국제업무지구,2023-07-09,721,385,336
송도달빛축제공원,2023-07-09,5773,2832,2941
계양,2023-07-10,7334,3685,3649
귤현,2023-07-10,2300,912,1388
박촌,2023-07-10,7787,4124,3663
임학,2023-07-10,15659,7883,7776
계산,2023-07-10,19308,9844,9464
경인교대입구,2023-07-10,10495,5241,5254
작전,2023-07-10,27086,13788,13298
갈산,2023-07-10,18970,9600,9370
부평구청,2023-07-10,13422,6655,6767
부평시장,2023-07-10,25962,13000,12962
부평,2023-07-10,12650,6431,6219
동수,2023-07-10,8106,4137,3969
부평삼거리,2023-07-10,5100,2595,2505
간석오거리,2023-07-10,21180,11059,10121
인천시청,2023-07-10,10697,5438,5259
예술회관,2023-07-10,23329,11468,11861
인천터미널,2023-07-10,23271,11428,11843
문학경기장,2023-07-10,3389,1733,1656
선학,2023-07-10,11959,5968,5991
신연수,2023-07-10,10870,5576,5294
원인재,2023-07-10,5530,2977,2553
동춘,2023-07-10,20507,9944,10563
동막,2023-07-10,10680,5703,4977
캠퍼스타운,2023-07-10,11519,5819,5700
테크노파크,2023-07-10,20977,10447,10530
지식정보단지,2023-07-10,9777,4751,5026
인천대입구,2023-07-10,12747,6269,6478
센트럴파크(재외동포청),2023-07-10,7115,3577,3538
국제업무지구,2023-07-10,3466,1777,1689
송도달빛축제공원,2023-07-10,9462,4764,4698
계양,2023-07-11,6936,3501,3435
귤현,2023-07-11,2231,887,1344
박촌,2023-07-11,7422,3881,3541
임학,2023-07-11,14758,7522,7236
계산,2023-07-11,18102,9186,8916
경인교대입구,2023-07-11,10062,5012,5050
작전,2023-07-11,25612,12980,12632
갈산,2023-07-11,18593,9428,9165
부평구청,2023-07-11,12980,6409,6571
부평시장,2023-07-11,24294,12119,12175
부평,2023-07-11,11706,5911,5795
동수,2023-07-11,8269,4231,4038
부평삼거리,2023-07-11,4869,2456,2413
간석오거리,2023-07-11,20568,10795,9773
인천시청,2023-07-11,10613,5437,5176
예술회관,2023-07-11,22429,11022,11407
인천터미널,2023-07-11,23577,11619,11958
문학경기장,2023-07-11,3557,1790,1767
선학,2023-07-11,11298,5544,5754
신연수,2023-07-11,10475,5347,5128
원인재,2023-07-11,5431,2964,2467
동춘,2023-07-11,19273,9442,9831
동막,2023-07-11,10569,5554,5015
캠퍼스타운,2023-07-11,11061,5539,5522
테크노파크,2023-07-11,19950,9860,10090
지식정보단지,2023-07-11,9581,4608,4973
인천대입구,2023-07-11,12486,6160,6326
센트럴파크(재외동포청),2023-07-11,6981,3502,3479
국제업무지구,2023-07-11,3551,1824,1727
송도달빛축제공원,2023-07-11,9010,4490,4520
계양,2023-07-12,8187,4067,4120
귤현,2023-07-12,2478,980,1498
박촌,2023-07-12,8520,4495,4025
임학,2023-07-12,16242,8195,8047
계산,2023-07-12,20192,10143,10049
경인교대입구,2023-07-12,11140,5614,5526
작전,2023-07-12,28394,14426,13968
갈산,2023-07-12,19586,9986,9600
부평구청,2023-07-12,14456,7212,7244
부평시장,2023-07-12,27173,13596,13577
부평,2023-07-12,13694,6942,6752
동수,2023-07-12,8841,4457,4384
부평삼거리,2023-07-12,5395,2738,2657
간석오거리,2023-07-12,22644,11796,10848
인천시청,2023-07-12,11287,5765,5522
예술회관,2023-07-12,24596,12031,12565
인천터미널,2023-07-12,26753,13201,13552
문학경기장,2023-07-12,14925,7267,7658
선학,2023-07-12,12863,6355,6508
신연수,2023-07-12,11529,5881,5648
원인재,2023-07-12,5954,3227,2727
동춘,2023-07-12,21909,10687,11222
동막,2023-07-12,11730,6273,5457
캠퍼스타운,2023-07-12,12106,6199,5907
테크노파크,2023-07-12,22647,11376,11271
지식정보단지,2023-07-12,10250,5033,5217
인천대입구,2023-07-12,16077,7836,8241
센트럴파크(재외동포청),2023-07-12,7916,4071,3845
국제업무지구,2023-07-12,3768,1904,1864
송도달빛축제공원,2023-07-12,10376,5127,5249
계양,2023-07-13,6746,3396,3350
귤현,2023-07-13,2230,870,1360
박촌,2023-07-13,7339,3846,3493
임학,2023-07-13,14720,7393,7327
계산,2023-07-13,17941,9168,8773
경인교대입구,2023-07-13,10016,5045,4971
작전,2023-07-13,25438,12879,12559
갈산,2023-07-13,18570,9469,9101
부평구청,2023-07-13,12852,6332,6520
부평시장,2023-07-13,23680,11843,11837
부평,2023-07-13,12175,6212,5963
동수,2023-07-13,8169,4121,4048
부평삼거리,2023-07-13,4529,2305,2224
간석오거리,2023-07-13,20288,10653,9635
인천시청,2023-07-13,10163,5095,5068
예술회관,2023-07-13,21871,10757,11114
인천터미널,2023-07-13,22771,11301,11470
문학경기장,2023-07-13,3256,1642,1614
선학,2023-07-13,11293,5584,5709
신연수,2023-07-13,10088,5119,4969
원인재,2023-07-13,5368,2901,2467
동춘,2023-07-13,18770,9017,9753
동막,2023-07-13,11370,5988,5382
캠퍼스타운,2023-07-13,10733,5330,5403
테크노파크,2023-07-13,19644,9817,9827
지식정보단지,2023-07-13,9244,4486,4758
인천대입구,2023-07-13,13489,6891,6598
센트럴파크(재외동포청),2023-07-13,6595,3302,3293
국제업무지구,2023-07-13,3443,1771,1672
송도달빛축제공원,2023-07-13,8685,4345,4340
계양,2023-07-14,6922,3463,3459
귤현,2023-07-14,2307,952,1355
박촌,2023-07-14,7718,4073,3645
임학,2023-07-14,15672,7912,7760
계산,2023-07-14,18858,9587,9271
경인교대입구,2023-07-14,10436,5237,5199
작전,2023-07-14,26922,13700,13222
갈산,2023-07-14,18479,9381,9098
부평구청,2023-07-14,12991,6394,6597
부평시장,2023-07-14,24869,12431,12438
부평,2023-07-14,13550,6784,6766
동수,2023-07-14,8220,4216,4004
부평삼거리,2023-07-14,4825,2475,2350
간석오거리,2023-07-14,20721,10900,9821
인천시청,2023-07-14,10557,5374,5183
예술회관,2023-07-14,23724,11303,12421
인천터미널,2023-07-14,26895,13020,13875
문학경기장,2023-07-14,3228,1665,1563
선학,2023-07-14,11934,5967,5967
신연수,2023-07-14,10274,5259,5015
원인재,2023-07-14,5548,2981,2567
동춘,2023-07-14,20125,9718,10407
동막,2023-07-14,10998,5830,5168
캠퍼스타운,2023-07-14,11357,5753,5604
테크노파크,2023-07-14,20794,10365,10429
지식정보단지,2023-07-14,9298,4541,4757
인천대입구,2023-07-14,13566,6741,6825
센트럴파크(재외동포청),2023-07-14,7132,3512,3620
국제업무지구,2023-07-14,3486,1786,1700
송도달빛축제공원,2023-07-14,9215,4637,4578
계양,2023-07-15,5327,2549,2778
귤현,2023-07-15,1518,705,813
박촌,2023-07-15,5169,2714,2455
임학,2023-07-15,10856,5542,5314
계산,2023-07-15,14923,7503,7420
경인교대입구,2023-07-15,8336,4162,4174
작전,2023-07-15,19460,10063,9397
갈산,2023-07-15,8917,4562,4355
부평구청,2023-07-15,9266,4565,4701
부평시장,2023-07-15,17774,8847,8927
부평,2023-07-15,12503,6324,6179
동수,2023-07-15,5235,2751,2484
부평삼거리,2023-07-15,3678,1826,1852
간석오거리,2023-07-15,15822,8185,7637
인천시청,2023-07-15,6863,3500,3363
예술회관,2023-07-15,17342,8190,9152
인천터미널,2023-07-15,26126,12792,13334
문학경기장,2023-07-15,1933,920,1013
선학,2023-07-15,9713,4927,4786
신연수,2023-07-15,5929,3098,2831
원인재,2023-07-15,3671,1946,1725
동춘,2023-07-15,14849,7392,7457
동막,2023-07-15,6453,3421,3032
캠퍼스타운,2023-07-15,7484,3840,3644
테크노파크,2023-07-15,18423,9044,9379
지식정보단지,2023-07-15,4072,2075,1997
인천대입구,2023-07-15,10623,5230,5393
센트럴파크(재외동포청),2023-07-15,6966,3376,3590
국제업무지구,2023-07-15,2031,953,1078
송도달빛축제공원,2023-07-15,16325,7993,8332
계양,2023-07-16,4096,1879,2217
귤현,2023-07-16,1012,466,546
박촌,2023-07-16,4027,2070,1957
임학,2023-07-16,8230,4097,4133
계산,2023-07-16,11636,5795,5841
경인교대입구,2023-07-16,6715,3358,3357
작전,2023-07-16,13573,6904,6669
갈산,2023-07-16,6139,3142,2997
부평구청,2023-07-16,6618,3224,3394
부평시장,2023-07-16,13444,6795,6649
부평,2023-07-16,9295,4858,4437
동수,2023-07-16,3987,2006,1981
부평삼거리,2023-07-16,3124,1550,1574
간석오거리,2023-07-16,11779,6241,5538
인천시청,2023-07-16,5024,2547,2477
예술회관,2023-07-16,11947,5744,6203
인천터미널,2023-07-16,21489,10922,10567
문학경기장,2023-07-16,1260,619,641
선학,2023-07-16,7297,3674,3623
신연수,2023-07-16,4291,2223,2068
원인재,2023-07-16,2796,1463,1333
동춘,2023-07-16,11198,5502,5696
동막,2023-07-16,4255,2193,2062
캠퍼스타운,2023-07-16,5605,2824,2781
테크노파크,2023-07-16,14783,7321,7462
지식정보단지,2023-07-16,2799,1401,1398
인천대입구,2023-07-16,8161,3968,4193
센트럴파크(재외동포청),2023-07-16,4721,2321,2400
국제업무지구,2023-07-16,733,375,358
송도달빛축제공원,2023-07-16,5963,3012,2951
계양,2023-07-17,7251,3641,3610
귤현,2023-07-17,2358,926,1432
박촌,2023-07-17,7680,4020,3660
임학,2023-07-17,15714,7949,7765
계산,2023-07-17,19396,9863,9533
경인교대입구,2023-07-17,10483,5257,5226
작전,2023-07-17,26975,13650,13325
갈산,2023-07-17,18699,9527,9172
부평구청,2023-07-17,12964,6417,6547
부평시장,2023-07-17,26061,13127,12934
부평,2023-07-17,13008,6618,6390
동수,2023-07-17,8447,4288,4159
부평삼거리,2023-07-17,5248,2646,2602
간석오거리,2023-07-17,20981,10935,10046
인천시청,2023-07-17,10666,5346,5320
예술회관,2023-07-17,23144,11368,11776
인천터미널,2023-07-17,25192,12433,12759
문학경기장,2023-07-17,3302,1645,1657
선학,2023-07-17,11788,5908,5880
신연수,2023-07-17,10838,5487,5351
원인재,2023-07-17,5622,3074,2548
동춘,2023-07-17,20313,9797,10516
동막,2023-07-17,10712,5712,5000
캠퍼스타운,2023-07-17,11560,5821,5739
테크노파크,2023-07-17,20636,10258,10378
지식정보단지,2023-07-17,9670,4695,4975
인천대입구,2023-07-17,12948,6386,6562
센트럴파크(재외동포청),2023-07-17,7281,3607,3674
국제업무지구,2023-07-17,3503,1818,1685
송도달빛축제공원,2023-07-17,9655,4827,4828
계양,2023-07-18,7327,3734,3593
귤현,2023-07-18,2360,915,1445
박촌,2023-07-18,7860,4159,3701
임학,2023-07-18,15914,8020,7894
계산,2023-07-18,18975,9609,9366
경인교대입구,2023-07-18,10659,5367,5292
작전,2023-07-18,26793,13645,13148
갈산,2023-07-18,18958,9564,9394
부평구청,2023-07-18,13695,6731,6964
부평시장,2023-07-18,25772,12932,12840
부평,2023-07-18,12544,6354,6190
동수,2023-07-18,8577,4338,4239
부평삼거리,2023-07-18,5151,2637,2514
간석오거리,2023-07-18,21124,11127,9997
인천시청,2023-07-18,11048,5612,5436
예술회관,2023-07-18,23668,11557,12111
인천터미널,2023-07-18,24927,12331,12596
문학경기장,2023-07-18,3604,1791,1813
선학,2023-07-18,11733,5794,5939
신연수,2023-07-18,10556,5399,5157
원인재,2023-07-18,5728,3080,2648
동춘,2023-07-18,20148,9808,10340
동막,2023-07-18,10751,5691,5060
캠퍼스타운,2023-07-18,11218,5662,5556
테크노파크,2023-07-18,21064,10421,10643
지식정보단지,2023-07-18,9786,4775,5011
인천대입구,2023-07-18,12760,6348,6412
센트럴파크(재외동포청),2023-07-18,7297,3639,3658
국제업무지구,2023-07-18,3448,1761,1687
송도달빛축제공원,2023-07-18,9292,4647,4645
계양,2023-07-19,7494,3804,3690
귤현,2023-07-19,2364,921,1443
박촌,2023-07-19,7902,4173,3729
임학,2023-07-19,16161,8126,8035
계산,2023-07-19,19924,9968,9956
경인교대입구,2023-07-19,10856,5484,5372
작전,2023-07-19,27721,14147,13574
갈산,2023-07-19,19172,9783,9389
부평구청,2023-07-19,13644,6720,6924
부평시장,2023-07-19,26840,13481,13359
부평,2023-07-19,13797,6968,6829
동수,2023-07-19,8753,4466,4287
부평삼거리,2023-07-19,5323,2754,2569
간석오거리,2023-07-19,22199,11597,10602
인천시청,2023-07-19,11673,5939,5734
예술회관,2023-07-19,24582,11964,12618
인천터미널,2023-07-19,26528,13072,13456
문학경기장,2023-07-19,3392,1693,1699
선학,2023-07-19,12728,6364,6364
신연수,2023-07-19,11216,5698,5518
원인재,2023-07-19,6004,3253,2751
동춘,2023-07-19,21161,10380,10781
동막,2023-07-19,12026,6371,5655
캠퍼스타운,2023-07-19,11785,5981,5804
테크노파크,2023-07-19,22231,11119,11112
지식정보단지,2023-07-19,9955,4900,5055
인천대입구,2023-07-19,13726,6852,6874
센트럴파크(재외동포청),2023-07-19,8578,4241,4337
국제업무지구,2023-07-19,3616,1834,1782
송도달빛축제공원,2023-07-19,9927,4941,4986
계양,2023-07-20,7763,3902,3861
귤현,2023-07-20,2378,949,1429
박촌,2023-07-20,7825,4094,3731
임학,2023-07-20,16188,8157,8031
계산,2023-07-20,19447,9806,9641
경인교대입구,2023-07-20,10771,5346,5425
작전,2023-07-20,27668,14162,13506
갈산,2023-07-20,19055,9604,9451
부평구청,2023-07-20,14082,6995,7087
부평시장,2023-07-20,26440,13332,13108
부평,2023-07-20,14294,7273,7021
동수,2023-07-20,8604,4399,4205
부평삼거리,2023-07-20,5537,2807,2730
간석오거리,2023-07-20,21588,11221,10367
인천시청,2023-07-20,11394,5644,5750
예술회관,2023-07-20,24661,12076,12585
인천터미널,2023-07-20,26579,13161,13418
문학경기장,2023-07-20,3636,1893,1743
선학,2023-07-20,12399,6209,6190
신연수,2023-07-20,10971,5615,5356
원인재,2023-07-20,6176,3269,2907
동춘,2023-07-20,21423,10444,10979
동막,2023-07-20,10938,5711,5227
캠퍼스타운,2023-07-20,11715,5900,5815
테크노파크,2023-07-20,22528,11163,11365
지식정보단지,2023-07-20,9800,4766,5034
인천대입구,2023-07-20,13525,6736,6789
센트럴파크(재외동포청),2023-07-20,8049,3942,4107
국제업무지구,2023-07-20,3533,1807,1726
송도달빛축제공원,2023-07-20,10019,5069,4950
계양,2023-07-21,7757,3898,3859
귤현,2023-07-21,2305,917,1388
박촌,2023-07-21,7469,3981,3488
임학,2023-07-21,16097,8116,7981
계산,2023-07-21,20056,10180,9876
경인교대입구,2023-07-21,11130,5515,5615
작전,2023-07-21,27896,14303,13593
갈산,2023-07-21,18959,9560,9399
부평구청,2023-07-21,13628,6774,6854
부평시장,2023-07-21,26648,13338,13310
부평,2023-07-21,14595,7303,7292
동수,2023-07-21,8550,4429,4121
부평삼거리,2023-07-21,4995,2584,2411
간석오거리,2023-07-21,22020,11580,10440
인천시청,2023-07-21,10982,5619,5363
예술회관,2023-07-21,25233,12091,13142
인천터미널,2023-07-21,28951,13986,14965
문학경기장,2023-07-21,3539,1818,1721
선학,2023-07-21,12740,6446,6294
신연수,2023-07-21,10935,5628,5307
원인재,2023-07-21,6146,3266,2880
동춘,2023-07-21,21995,10733,11262
동막,2023-07-21,10964,5814,5150
캠퍼스타운,2023-07-21,11551,5837,5714
테크노파크,2023-07-21,22789,11472,11317
지식정보단지,2023-07-21,9737,4758,4979
인천대입구,2023-07-21,13518,6670,6848
센트럴파크(재외동포청),2023-07-21,8132,4051,4081
국제업무지구,2023-07-21,3646,1861,1785
송도달빛축제공원,2023-07-21,10241,5271,4970
계양,2023-07-22,5529,2673,2856
귤현,2023-07-22,1453,677,776
박촌,2023-07-22,5125,2695,2430
임학,2023-07-22,11037,5619,5418
계산,2023-07-22,15809,7949,7860
경인교대입구,2023-07-22,8671,4368,4303
작전,2023-07-22,19370,9961,9409
갈산,2023-07-22,8962,4662,4300
부평구청,2023-07-22,9208,4487,4721
부평시장,2023-07-22,17731,8803,8928
부평,2023-07-22,12494,6411,6083
동수,2023-07-22,5252,2721,2531
부평삼거리,2023-07-22,3849,1894,1955
간석오거리,2023-07-22,15651,8197,7454
인천시청,2023-07-22,6978,3602,3376
예술회관,2023-07-22,16680,7834,8846
인천터미널,2023-07-22,25336,12424,12912
문학경기장,2023-07-22,1855,909,946
선학,2023-07-22,9619,4871,4748
신연수,2023-07-22,5939,3123,2816
원인재,2023-07-22,3604,1937,1667
동춘,2023-07-22,14715,7220,7495
동막,2023-07-22,6496,3423,3073
캠퍼스타운,2023-07-22,7192,3702,3490
테크노파크,2023-07-22,17866,8721,9145
지식정보단지,2023-07-22,4118,2065,2053
인천대입구,2023-07-22,9479,4600,4879
센트럴파크(재외동포청),2023-07-22,5951,2966,2985
국제업무지구,2023-07-22,1689,910,779
송도달빛축제공원,2023-07-22,7143,3653,3490
계양,2023-07-23,3246,1494,1752
귤현,2023-07-23,909,438,471
박촌,2023-07-23,3344,1738,1606
임학,2023-07-23,6875,3419,3456
계산,2023-07-23,9413,4784,4629
경인교대입구,2023-07-23,5846,2883,2963
작전,2023-07-23,11313,5693,5620
갈산,2023-07-23,5382,2727,2655
부평구청,2023-07-23,5803,2790,3013
부평시장,2023-07-23,11539,5801,5738
부평,2023-07-23,7841,4145,3696
동수,2023-07-23,3300,1678,1622
부평삼거리,2023-07-23,2301,1138,1163
간석오거리,2023-07-23,9905,5087,4818
인천시청,2023-07-23,4454,2247,2207
예술회관,2023-07-23,10827,5264,5563
인천터미널,2023-07-23,18335,9326,9009
문학경기장,2023-07-23,731,359,372
선학,2023-07-23,6094,3044,3050
신연수,2023-07-23,3655,1884,1771
원인재,2023-07-23,2218,1201,1017
동춘,2023-07-23,7864,3945,3919
동막,2023-07-23,3669,1916,1753
캠퍼스타운,2023-07-23,4612,2329,2283
테크노파크,2023-07-23,12667,6246,6421
지식정보단지,2023-07-23,2408,1189,1219
인천대입구,2023-07-23,6307,3064,3243
센트럴파크(재외동포청),2023-07-23,3565,1720,1845
국제업무지구,2023-07-23,678,365,313
송도달빛축제공원,2023-07-23,4907,2397,2510
계양,2023-07-24,7179,3551,3628
귤현,2023-07-24,2215,867,1348
박촌,2023-07-24,7052,3749,3303
임학,2023-07-24,15054,7642,7412
계산,2023-07-24,18727,9425,9302
경인교대입구,2023-07-24,10173,5138,5035
작전,2023-07-24,26294,13367,12927
갈산,2023-07-24,18371,9265,9106
부평구청,2023-07-24,13001,6472,6529
부평시장,2023-07-24,25073,12554,12519
부평,2023-07-24,13282,6718,6564
동수,2023-07-24,8048,4120,3928
부평삼거리,2023-07-24,4740,2375,2365
간석오거리,2023-07-24,20570,10819,9751
인천시청,2023-07-24,10086,5086,5000
예술회관,2023-07-24,22781,11157,11624
인천터미널,2023-07-24,24889,12390,12499
문학경기장,2023-07-24,3526,1784,1742
선학,2023-07-24,11594,5768,5826
신연수,2023-07-24,10607,5409,5198
원인재,2023-07-24,5450,2922,2528
동춘,2023-07-24,20502,9912,10590
동막,2023-07-24,10603,5665,4938
캠퍼스타운,2023-07-24,10838,5425,5413
테크노파크,2023-07-24,20723,10266,10457
지식정보단지,2023-07-24,9498,4598,4900
인천대입구,2023-07-24,12271,6091,6180
센트럴파크(재외동포청),2023-07-24,6951,3511,3440
국제업무지구,2023-07-24,3384,1710,1674
송도달빛축제공원,2023-07-24,9488,4792,4696
계양,2023-07-25,7191,3649,3542
귤현,2023-07-25,2335,950,1385
박촌,2023-07-25,7173,3785,3388
임학,2023-07-25,15504,7810,7694
계산,2023-07-25,18660,9484,9176
경인교대입구,2023-07-25,10406,5227,5179
작전,2023-07-25,26587,13582,13005
갈산,2023-07-25,18714,9438,9276
부평구청,2023-07-25,13397,6598,6799
부평시장,2023-07-25,25772,12994,12778
부평,2023-07-25,12849,6516,6333
동수,2023-07-25,8102,4155,3947
부평삼거리,2023-07-25,4663,2371,2292
간석오거리,2023-07-25,21206,11072,10134
인천시청,2023-07-25,10541,5387,5154
예술회관,2023-07-25,23411,11339,12072
인천터미널,2023-07-25,25371,12489,12882
문학경기장,2023-07-25,3647,1735,1912
선학,2023-07-25,11967,5930,6037
신연수,2023-07-25,10692,5462,5230
원인재,2023-07-25,5707,3119,2588
동춘,2023-07-25,20508,9992,10516
동막,2023-07-25,10627,5605,5022
캠퍼스타운,2023-07-25,10717,5387,5330
테크노파크,2023-07-25,20828,10390,10438
지식정보단지,2023-07-25,9518,4648,4870
인천대입구,2023-07-25,12458,6194,6264
센트럴파크(재외동포청),2023-07-25,7314,3646,3668
국제업무지구,2023-07-25,3596,1800,1796
송도달빛축제공원,2023-07-25,9543,4856,4687
계양,2023-07-26,7234,3637,3597
귤현,2023-07-26,2181,866,1315
박촌,2023-07-26,7511,3963,3548
임학,2023-07-26,15492,7808,7684
계산,2023-07-26,19114,9607,9507
경인교대입구,2023-07-26,10410,5187,5223
작전,2023-07-26,26919,13727,13192
갈산,2023-07-26,18875,9512,9363
부평구청,2023-07-26,13514,6676,6838
부평시장,2023-07-26,26087,13022,13065
부평,2023-07-26,13915,7092,6823
동수,2023-07-26,8236,4214,4022
부평삼거리,2023-07-26,4612,2318,2294
간석오거리,2023-07-26,21423,11155,10268
인천시청,2023-07-26,10610,5375,5235
예술회관,2023-07-26,23484,11455,12029
인천터미널,2023-07-26,25439,12456,12983
문학경기장,2023-07-26,3312,1650,1662
선학,2023-07-26,11860,5922,5938
신연수,2023-07-26,10346,5301,5045
원인재,2023-07-26,5779,3153,2626
동춘,2023-07-26,21003,10295,10708
동막,2023-07-26,11355,6011,5344
캠퍼스타운,2023-07-26,10897,5488,5409
테크노파크,2023-07-26,21281,10569,10712
지식정보단지,2023-07-26,9327,4522,4805
인천대입구,2023-07-26,12767,6362,6405
센트럴파크(재외동포청),2023-07-26,7492,3727,3765
국제업무지구,2023-07-26,3495,1771,1724
송도달빛축제공원,2023-07-26,9584,4842,4742
계양,2023-07-27,7183,3557,3626
귤현,2023-07-27,2145,875,1270
박촌,2023-07-27,7376,3884,3492
임학,2023-07-27,15395,7781,7614
계산,2023-07-27,18876,9573,9303
경인교대입구,2023-07-27,10440,5249,5191
작전,2023-07-27,26289,13423,12866
갈산,2023-07-27,18476,9242,9234
부평구청,2023-07-27,13363,6544,6819
부평시장,2023-07-27,25317,12605,12712
부평,2023-07-27,13544,6890,6654
동수,2023-07-27,8013,4096,3917
부평삼거리,2023-07-27,4850,2406,2444
간석오거리,2023-07-27,21062,11009,10053
인천시청,2023-07-27,10410,5269,5141
예술회관,2023-07-27,23633,11590,12043
인천터미널,2023-07-27,25952,12740,13212
문학경기장,2023-07-27,3561,1941,1620
선학,2023-07-27,11645,5879,5766
신연수,2023-07-27,10543,5338,5205
원인재,2023-07-27,5922,3145,2777
동춘,2023-07-27,20774,10118,10656
동막,2023-07-27,10341,5456,4885
캠퍼스타운,2023-07-27,10588,5353,5235
테크노파크,2023-07-27,21651,10872,10779
지식정보단지,2023-07-27,9431,4606,4825
인천대입구,2023-07-27,12532,6199,6333
센트럴파크(재외동포청),2023-07-27,7894,3915,3979
국제업무지구,2023-07-27,3445,1731,1714
송도달빛축제공원,2023-07-27,9435,4831,4604
계양,2023-07-28,7295,3624,3671
귤현,2023-07-28,2192,877,1315
박촌,2023-07-28,7229,3803,3426
임학,2023-07-28,15495,7886,7609
계산,2023-07-28,19100,9733,9367
경인교대입구,2023-07-28,10778,5339,5439
작전,2023-07-28,27028,13855,13173
갈산,2023-07-28,18297,9322,8975
부평구청,2023-07-28,13260,6594,6666
부평시장,2023-07-28,25801,12957,12844
부평,2023-07-28,14603,7352,7251
동수,2023-07-28,8147,4225,3922
부평삼거리,2023-07-28,4741,2385,2356
간석오거리,2023-07-28,21447,11225,10222
인천시청,2023-07-28,10457,5318,5139
예술회관,2023-07-28,24068,11392,12676
인천터미널,2023-07-28,29861,14433,15428
문학경기장,2023-07-28,12237,5832,6405
선학,2023-07-28,12313,6215,6098
신연수,2023-07-28,10455,5402,5053
원인재,2023-07-28,5679,3010,2669
동춘,2023-07-28,21373,10328,11045
동막,2023-07-28,10425,5619,4806
캠퍼스타운,2023-07-28,10977,5576,5401
테크노파크,2023-07-28,22334,11141,11193
지식정보단지,2023-07-28,9300,4542,4758
인천대입구,2023-07-28,12693,6391,6302
센트럴파크(재외동포청),2023-07-28,7673,3784,3889
국제업무지구,2023-07-28,3304,1683,1621
송도달빛축제공원,2023-07-28,9645,4928,4717
계양,2023-07-29,5517,2607,2910
귤현,2023-07-29,1408,608,800
박촌,2023-07-29,5169,2726,2443
임학,2023-07-29,10930,5575,5355
계산,2023-07-29,14637,7346,7291
경인교대입구,2023-07-29,7850,3976,3874
작전,2023-07-29,18923,9850,9073
갈산,2023-07-29,8874,4628,4246
부평구청,2023-07-29,8965,4320,4645
부평시장,2023-07-29,17228,8726,8502
부평,2023-07-29,12826,6615,6211
동수,2023-07-29,5366,2750,2616
부평삼거리,2023-07-29,3712,1849,1863
간석오거리,2023-07-29,15137,7899,7238
인천시청,2023-07-29,6397,3296,3101
예술회관,2023-07-29,16054,7400,8654
인천터미널,2023-07-29,27142,13105,14037
문학경기장,2023-07-29,13452,6568,6884
선학,2023-07-29,9272,4782,4490
신연수,2023-07-29,5704,2983,2721
원인재,2023-07-29,3775,1984,1791
동춘,2023-07-29,14811,7305,7506
동막,2023-07-29,5773,3112,2661
캠퍼스타운,2023-07-29,7807,4029,3778
테크노파크,2023-07-29,18532,9147,9385
지식정보단지,2023-07-29,3748,1900,1848
인천대입구,2023-07-29,9770,4862,4908
센트럴파크(재외동포청),2023-07-29,6619,3215,3404
국제업무지구,2023-07-29,1629,860,769
송도달빛축제공원,2023-07-29,7253,3625,3628
계양,2023-07-30,4081,1917,2164
귤현,2023-07-30,885,418,467
박촌,2023-07-30,3780,1923,1857
임학,2023-07-30,8068,4030,4038
계산,2023-07-30,11363,5644,5719
경인교대입구,2023-07-30,6542,3243,3299
작전,2023-07-30,12745,6422,6323
갈산,2023-07-30,5988,3036,2952
부평구청,2023-07-30,6704,3232,3472
부평시장,2023-07-30,13422,6673,6749
부평,2023-07-30,8792,4733,4059
동수,2023-07-30,3937,1999,1938
부평삼거리,2023-07-30,3108,1538,1570
간석오거리,2023-07-30,11389,5964,5425
인천시청,2023-07-30,4686,2406,2280
예술회관,2023-07-30,11155,5416,5739
인천터미널,2023-07-30,22241,11423,10818
문학경기장,2023-07-30,9349,4633,4716
선학,2023-07-30,7029,3487,3542
신연수,2023-07-30,4594,2336,2258
원인재,2023-07-30,2537,1327,1210
동춘,2023-07-30,11322,5656,5666
동막,2023-07-30,4207,2215,1992
캠퍼스타운,2023-07-30,5451,2748,2703
테크노파크,2023-07-30,14250,7044,7206
지식정보단지,2023-07-30,2558,1252,1306
인천대입구,2023-07-30,7005,3447,3558
센트럴파크(재외동포청),2023-07-30,5098,2491,2607
국제업무지구,2023-07-30,700,377,323
송도달빛축제공원,2023-07-30,5606,2696,2910
계양,2023-07-31,6514,3208,3306
귤현,2023-07-31,1943,762,1181
박촌,2023-07-31,6470,3411,3059
임학,2023-07-31,13847,6994,6853
계산,2023-07-31,17690,8908,8782
경인교대입구,2023-07-31,9442,4771,4671
작전,2023-07-31,24097,12219,11878
갈산,2023-07-31,15128,7735,7393
부평구청,2023-07-31,11435,5612,5823
부평시장,2023-07-31,23318,11618,11700
부평,2023-07-31,12513,6337,6176
동수,2023-07-31,7099,3648,3451
부평삼거리,2023-07-31,4239,2127,2112
간석오거리,2023-07-31,18160,9482,8678
인천시청,2023-07-31,8664,4398,4266
예술회관,2023-07-31,21349,10498,10851
인천터미널,2023-07-31,25498,12576,12922
문학경기장,2023-07-31,2960,1506,1454
선학,2023-07-31,10098,5039,5059
신연수,2023-07-31,8212,4219,3993
원인재,2023-07-31,4692,2566,2126
동춘,2023-07-31,16990,8206,8784
동막,2023-07-31,7888,4186,3702
캠퍼스타운,2023-07-31,9746,4879,4867
테크노파크,2023-07-31,19538,9747,9791
지식정보단지,2023-07-31,7501,3692,3809
인천대입구,2023-07-31,11430,5642,5788
센트럴파크(재외동포청),2023-07-31,7014,3501,3513
국제업무지구,2023-07-31,3137,1614,1523
송도달빛축제공원,2023-07-31,8573,4339,4234
계양,2023-08-01,6528,3230,3298
귤현,2023-08-01,1933,816,1117
박촌,2023-08-01,6519,3420,3099
임학,2023-08-01,14094,7165,6929
계산,2023-08-01,17621,8845,8776
경인교대입구,2023-08-01,9428,4721,4707
작전,2023-08-01,24087,12246,11841
갈산,2023-08-01,15134,7749,7385
부평구청,2023-08-01,11571,5639,5932
부평시장,2023-08-01,23317,11576,11741
부평,2023-08-01,12630,6572,6058
동수,2023-08-01,7332,3741,3591
부평삼거리,2023-08-01,3969,2010,1959
간석오거리,2023-08-01,18536,9627,8909
인천시청,2023-08-01,9216,4666,4550
예술회관,2023-08-01,21392,10383,11009
인천터미널,2023-08-01,24911,12370,12541
문학경기장,2023-08-01,3193,1613,1580
선학,2023-08-01,10351,5168,5183
신연수,2023-08-01,7948,4105,3843
원인재,2023-08-01,4711,2565,2146
동춘,2023-08-01,16775,8208,8567
동막,2023-08-01,7987,4300,3687
캠퍼스타운,2023-08-01,9780,4838,4942
테크노파크,2023-08-01,19651,9804,9847
지식정보단지,2023-08-01,7332,3620,3712
인천대입구,2023-08-01,11498,5643,5855
센트럴파크(재외동포청),2023-08-01,7144,3548,3596
국제업무지구,2023-08-01,3281,1693,1588
송도달빛축제공원,2023-08-01,8581,4336,4245
계양,2023-08-02,6593,3290,3303
귤현,2023-08-02,1890,774,1116
박촌,2023-08-02,6520,3435,3085
임학,2023-08-02,13966,7024,6942
계산,2023-08-02,17325,8705,8620
경인교대입구,2023-08-02,9443,4735,4708
작전,2023-08-02,23361,11944,11417
갈산,2023-08-02,14981,7599,7382
부평구청,2023-08-02,11305,5541,5764
부평시장,2023-08-02,22844,11424,11420
부평,2023-08-02,12833,6607,6226
동수,2023-08-02,7199,3693,3506
부평삼거리,2023-08-02,3986,2023,1963
간석오거리,2023-08-02,18554,9621,8933
인천시청,2023-08-02,9112,4586,4526
예술회관,2023-08-02,21135,10238,10897
인천터미널,2023-08-02,24902,12250,12652
문학경기장,2023-08-02,3069,1542,1527
선학,2023-08-02,10206,5150,5056
신연수,2023-08-02,7786,4014,3772
원인재,2023-08-02,4536,2475,2061
동춘,2023-08-02,16209,7944,8265
동막,2023-08-02,7962,4245,3717
캠퍼스타운,2023-08-02,9716,4851,4865
테크노파크,2023-08-02,19733,9829,9904
지식정보단지,2023-08-02,7373,3623,3750
인천대입구,2023-08-02,11697,5806,5891
센트럴파크(재외동포청),2023-08-02,7142,3558,3584
국제업무지구,2023-08-02,3344,1700,1644
송도달빛축제공원,2023-08-02,8750,4388,4362
계양,2023-08-03,6664,3286,3378
귤현,2023-08-03,1985,830,1155
박촌,2023-08-03,6518,3400,3118
임학,2023-08-03,13985,7056,6929
계산,2023-08-03,17444,8821,8623
경인교대입구,2023-08-03,9420,4746,4674
작전,2023-08-03,23965,12225,11740
갈산,2023-08-03,15798,8022,7776
부평구청,2023-08-03,11764,5788,5976
부평시장,2023-08-03,23395,11708,11687
부평,2023-08-03,12887,6549,6338
동수,2023-08-03,7304,3729,3575
부평삼거리,2023-08-03,4125,2060,2065
간석오거리,2023-08-03,18876,9858,9018
인천시청,2023-08-03,9289,4752,4537
예술회관,2023-08-03,21022,10199,10823
인천터미널,2023-08-03,24524,12019,12505
문학경기장,2023-08-03,3048,1537,1511
선학,2023-08-03,10218,5051,5167
신연수,2023-08-03,8451,4326,4125
원인재,2023-08-03,4920,2675,2245
동춘,2023-08-03,16882,8189,8693
동막,2023-08-03,8559,4581,3978
캠퍼스타운,2023-08-03,9747,4862,4885
테크노파크,2023-08-03,19675,9779,9896
지식정보단지,2023-08-03,7737,3791,3946
인천대입구,2023-08-03,11744,5853,5891
센트럴파크(재외동포청),2023-08-03,7462,3710,3752
국제업무지구,2023-08-03,3226,1657,1569
송도달빛축제공원,2023-08-03,8831,4400,4431
계양,2023-08-04,7027,3520,3507
귤현,2023-08-04,2049,834,1215
박촌,2023-08-04,6874,3593,3281
임학,2023-08-04,14396,7293,7103
계산,2023-08-04,18287,9286,9001
경인교대입구,2023-08-04,9834,4935,4899
작전,2023-08-04,24632,12557,12075
갈산,2023-08-04,16027,8096,7931
부평구청,2023-08-04,12273,5991,6282
부평시장,2023-08-04,24033,12040,11993
부평,2023-08-04,14487,7060,7427
동수,2023-08-04,7457,3875,3582
부평삼거리,2023-08-04,4252,2164,2088
간석오거리,2023-08-04,19485,10049,9436
인천시청,2023-08-04,9579,4810,4769
예술회관,2023-08-04,22250,10503,11747
인천터미널,2023-08-04,28175,13887,14288
문학경기장,2023-08-04,3066,1541,1525
선학,2023-08-04,10642,5311,5331
신연수,2023-08-04,8566,4371,4195
원인재,2023-08-04,5206,2608,2598
동춘,2023-08-04,17830,8562,9268
동막,2023-08-04,9342,4834,4508
캠퍼스타운,2023-08-04,10521,5199,5322
테크노파크,2023-08-04,21372,10611,10761
지식정보단지,2023-08-04,8191,4029,4162
인천대입구,2023-08-04,14982,7168,7814
센트럴파크(재외동포청),2023-08-04,8214,3946,4268
국제업무지구,2023-08-04,3661,1795,1866
송도달빛축제공원,2023-08-04,26899,13003,13896
계양,2023-08-05,5457,2604,2853
귤현,2023-08-05,1323,614,709
박촌,2023-08-05,4760,2447,2313
임학,2023-08-05,10189,5122,5067
계산,2023-08-05,14421,7262,7159
경인교대입구,2023-08-05,7620,3789,3831
작전,2023-08-05,17952,9143,8809
갈산,2023-08-05,8424,4363,4061
부평구청,2023-08-05,8723,4135,4588
부평시장,2023-08-05,16364,8228,8136
부평,2023-08-05,13062,6600,6462
동수,2023-08-05,5013,2590,2423
부평삼거리,2023-08-05,3658,1810,1848
간석오거리,2023-08-05,15070,7858,7212
인천시청,2023-08-05,6286,3263,3023
예술회관,2023-08-05,15908,7537,8371
인천터미널,2023-08-05,25806,12718,13088
문학경기장,2023-08-05,1615,784,831
선학,2023-08-05,9044,4537,4507
신연수,2023-08-05,5491,2828,2663
원인재,2023-08-05,3186,1592,1594
동춘,2023-08-05,14065,6867,7198
동막,2023-08-05,6138,3214,2924
캠퍼스타운,2023-08-05,7469,3852,3617
테크노파크,2023-08-05,17920,8766,9154
지식정보단지,2023-08-05,3886,2016,1870
인천대입구,2023-08-05,12477,6052,6425
센트럴파크(재외동포청),2023-08-05,7702,3707,3995
국제업무지구,2023-08-05,2023,994,1029
송도달빛축제공원,2023-08-05,27996,13484,14512
계양,2023-08-06,4053,1846,2207
귤현,2023-08-06,992,442,550
박촌,2023-08-06,3648,1908,1740
임학,2023-08-06,7625,3807,3818
계산,2023-08-06,11001,5486,5515
경인교대입구,2023-08-06,6319,3134,3185
작전,2023-08-06,12426,6365,6061
갈산,2023-08-06,6174,3146,3028
부평구청,2023-08-06,6634,3202,3432
부평시장,2023-08-06,12945,6487,6458
부평,2023-08-06,9278,4994,4284
동수,2023-08-06,3804,1902,1902
부평삼거리,2023-08-06,2852,1416,1436
간석오거리,2023-08-06,11558,6098,5460
인천시청,2023-08-06,4613,2318,2295
예술회관,2023-08-06,11265,5492,5773
인천터미널,2023-08-06,20932,10755,10177
문학경기장,2023-08-06,1021,508,513
선학,2023-08-06,7060,3557,3503
신연수,2023-08-06,4246,2210,2036
원인재,2023-08-06,2397,1258,1139
동춘,2023-08-06,11107,5466,5641
동막,2023-08-06,4274,2213,2061
캠퍼스타운,2023-08-06,5590,2829,2761
테크노파크,2023-08-06,14489,7131,7358
지식정보단지,2023-08-06,2688,1312,1376
인천대입구,2023-08-06,7812,3761,4051
센트럴파크(재외동포청),2023-08-06,5078,2486,2592
국제업무지구,2023-08-06,818,380,438
송도달빛축제공원,2023-08-06,21033,10223,10810
계양,2023-08-07,6746,3358,3388
귤현,2023-08-07,2080,831,1249
박촌,2023-08-07,6740,3517,3223
임학,2023-08-07,14222,7155,7067
계산,2023-08-07,17819,9055,8764
경인교대입구,2023-08-07,10039,5033,5006
작전,2023-08-07,24756,12632,12124
갈산,2023-08-07,17396,8781,8615
부평구청,2023-08-07,12326,6134,6192
부평시장,2023-08-07,24177,12105,12072
부평,2023-08-07,12601,6515,6086
동수,2023-08-07,7615,3844,3771
부평삼거리,2023-08-07,4245,2130,2115
간석오거리,2023-08-07,19603,10236,9367
인천시청,2023-08-07,9207,4650,4557
예술회관,2023-08-07,20785,10191,10594
인천터미널,2023-08-07,24204,12023,12181
문학경기장,2023-08-07,3140,1594,1546
선학,2023-08-07,10482,5203,5279
신연수,2023-08-07,9983,5102,4881
원인재,2023-08-07,5245,2848,2397
동춘,2023-08-07,18807,9112,9695
동막,2023-08-07,9538,5082,4456
캠퍼스타운,2023-08-07,9980,4995,4985
테크노파크,2023-08-07,20078,10028,10050
지식정보단지,2023-08-07,8905,4300,4605
인천대입구,2023-08-07,11501,5723,5778
센트럴파크(재외동포청),2023-08-07,6560,3323,3237
국제업무지구,2023-08-07,3084,1608,1476
송도달빛축제공원,2023-08-07,8774,4503,4271
계양,2023-08-08,6961,3480,3481
귤현,2023-08-08,2186,874,1312
박촌,2023-08-08,7168,3743,3425
임학,2023-08-08,14820,7485,7335
계산,2023-08-08,18310,9256,9054
경인교대입구,2023-08-08,10281,5119,5162
작전,2023-08-08,25681,13068,12613
갈산,2023-08-08,17829,9029,8800
부평구청,2023-08-08,13017,6388,6629
부평시장,2023-08-08,24404,12324,12080
부평,2023-08-08,12508,6405,6103
동수,2023-08-08,7946,4069,3877
부평삼거리,2023-08-08,4333,2180,2153
간석오거리,2023-08-08,20253,10491,9762
인천시청,2023-08-08,10197,5252,4945
예술회관,2023-08-08,22043,10778,11265
인천터미널,2023-08-08,24694,12223,12471
문학경기장,2023-08-08,7635,3695,3940
선학,2023-08-08,10961,5461,5500
신연수,2023-08-08,10122,5181,4941
원인재,2023-08-08,5459,2978,2481
동춘,2023-08-08,19531,9511,10020
동막,2023-08-08,9805,5174,4631
캠퍼스타운,2023-08-08,10404,5176,5228
테크노파크,2023-08-08,20863,10406,10457
지식정보단지,2023-08-08,9214,4451,4763
인천대입구,2023-08-08,12151,6059,6092
센트럴파크(재외동포청),2023-08-08,6858,3394,3464
국제업무지구,2023-08-08,3209,1634,1575
송도달빛축제공원,2023-08-08,9123,4591,4532
계양,2023-08-09,6904,3436,3468
귤현,2023-08-09,2207,875,1332
박촌,2023-08-09,7421,3885,3536
임학,2023-08-09,14953,7471,7482
계산,2023-08-09,18572,9462,9110
경인교대입구,2023-08-09,10200,5097,5103
작전,2023-08-09,25822,13114,12708
갈산,2023-08-09,18268,9233,9035
부평구청,2023-08-09,13042,6489,6553
부평시장,2023-08-09,25289,12605,12684
부평,2023-08-09,12871,6632,6239
동수,2023-08-09,7909,4022,3887
부평삼거리,2023-08-09,4468,2267,2201
간석오거리,2023-08-09,20655,10723,9932
인천시청,2023-08-09,10055,5097,4958
예술회관,2023-08-09,22491,11005,11486
인천터미널,2023-08-09,24963,12329,12634
문학경기장,2023-08-09,6645,3283,3362
선학,2023-08-09,11686,5838,5848
신연수,2023-08-09,10633,5442,5191
원인재,2023-08-09,5651,3060,2591
동춘,2023-08-09,19999,9787,10212
동막,2023-08-09,9892,5170,4722
캠퍼스타운,2023-08-09,10702,5376,5326
테크노파크,2023-08-09,20850,10349,10501
지식정보단지,2023-08-09,9334,4575,4759
인천대입구,2023-08-09,12859,6347,6512
센트럴파크(재외동포청),2023-08-09,7211,3583,3628
국제업무지구,2023-08-09,3249,1651,1598
송도달빛축제공원,2023-08-09,9220,4646,4574
계양,2023-08-10,5426,2755,2671
귤현,2023-08-10,1834,723,1111
박촌,2023-08-10,5715,2944,2771
임학,2023-08-10,12079,6061,6018
계산,2023-08-10,14677,7497,7180
경인교대입구,2023-08-10,8679,4363,4316
작전,2023-08-10,20805,10517,10288
갈산,2023-08-10,15973,8047,7926
부평구청,2023-08-10,10249,5010,5239
부평시장,2023-08-10,20112,9965,10147
부평,2023-08-10,9641,5011,4630
동수,2023-08-10,6758,3429,3329
부평삼거리,2023-08-10,3395,1698,1697
간석오거리,2023-08-10,16984,8832,8152
인천시청,2023-08-10,8071,4076,3995
예술회관,2023-08-10,17722,8862,8860
인천터미널,2023-08-10,18060,8901,9159
문학경기장,2023-08-10,2521,1298,1223
선학,2023-08-10,9017,4429,4588
신연수,2023-08-10,8502,4313,4189
원인재,2023-08-10,4475,2506,1969
동춘,2023-08-10,15835,7633,8202
동막,2023-08-10,8405,4439,3966
캠퍼스타운,2023-08-10,8114,4011,4103
테크노파크,2023-08-10,16608,8342,8266
지식정보단지,2023-08-10,7620,3629,3991
인천대입구,2023-08-10,9579,4644,4935
센트럴파크(재외동포청),2023-08-10,5400,2655,2745
국제업무지구,2023-08-10,2592,1318,1274
송도달빛축제공원,2023-08-10,6536,3302,3234
계양,2023-08-11,6498,3208,3290
귤현,2023-08-11,2138,851,1287
박촌,2023-08-11,6861,3614,3247
임학,2023-08-11,14324,7305,7019
계산,2023-08-11,17512,8916,8596
경인교대입구,2023-08-11,9863,4891,4972
작전,2023-08-11,24364,12425,11939
갈산,2023-08-11,17172,8722,8450
부평구청,2023-08-11,11961,5978,5983
부평시장,2023-08-11,23650,11856,11794
부평,2023-08-11,12450,6220,6230
동수,2023-08-11,7394,3836,3558
부평삼거리,2023-08-11,3948,1998,1950
간석오거리,2023-08-11,19699,10302,9397
인천시청,2023-08-11,9234,4751,4483
예술회관,2023-08-11,21511,10325,11186
인천터미널,2023-08-11,26071,12467,13604
문학경기장,2023-08-11,7258,3504,3754
선학,2023-08-11,11081,5525,5556
신연수,2023-08-11,9560,4933,4627
원인재,2023-08-11,4983,2706,2277
동춘,2023-08-11,18894,9128,9766
동막,2023-08-11,9480,5127,4353
캠퍼스타운,2023-08-11,9983,5034,4949
테크노파크,2023-08-11,19989,10043,9946
지식정보단지,2023-08-11,8546,4237,4309
인천대입구,2023-08-11,12223,5958,6265
센트럴파크(재외동포청),2023-08-11,6584,3294,3290
국제업무지구,2023-08-11,3072,1581,1491
송도달빛축제공원,2023-08-11,8360,4185,4175
계양,2023-08-12,5423,2561,2862
귤현,2023-08-12,1364,609,755
박촌,2023-08-12,5025,2663,2362
임학,2023-08-12,10635,5413,5222
계산,2023-08-12,14378,7224,7154
경인교대입구,2023-08-12,8095,4021,4074
작전,2023-08-12,19151,9903,9248
갈산,2023-08-12,8520,4432,4088
부평구청,2023-08-12,8846,4360,4486
부평시장,2023-08-12,17478,8714,8764
부평,2023-08-12,12041,6087,5954
동수,2023-08-12,5100,2616,2484
부평삼거리,2023-08-12,3856,1895,1961
간석오거리,2023-08-12,15536,8109,7427
인천시청,2023-08-12,6292,3245,3047
예술회관,2023-08-12,16060,7507,8553
인천터미널,2023-08-12,26998,12996,14002
문학경기장,2023-08-12,10362,5074,5288
선학,2023-08-12,9291,4659,4632
신연수,2023-08-12,5847,3109,2738
원인재,2023-08-12,3581,1869,1712
동춘,2023-08-12,14586,7327,7259
동막,2023-08-12,6373,3419,2954
캠퍼스타운,2023-08-12,7398,3874,3524
테크노파크,2023-08-12,17845,8776,9069
지식정보단지,2023-08-12,3928,2035,1893
인천대입구,2023-08-12,10797,5384,5413
센트럴파크(재외동포청),2023-08-12,6925,3430,3495
국제업무지구,2023-08-12,1598,882,716
송도달빛축제공원,2023-08-12,7704,3892,3812
계양,2023-08-13,4558,2130,2428
귤현,2023-08-13,1031,471,560
박촌,2023-08-13,3834,1962,1872
임학,2023-08-13,8508,4263,4245
계산,2023-08-13,12275,6145,6130
경인교대입구,2023-08-13,6742,3393,3349
작전,2023-08-13,13560,7007,6553
갈산,2023-08-13,6275,3199,3076
부평구청,2023-08-13,7053,3445,3608
부평시장,2023-08-13,13905,6992,6913
부평,2023-08-13,9536,4972,4564
동수,2023-08-13,4144,2109,2035
부평삼거리,2023-08-13,3189,1599,1590
간석오거리,2023-08-13,12190,6325,5865
인천시청,2023-08-13,4934,2524,2410
예술회관,2023-08-13,11887,5810,6077
인천터미널,2023-08-13,22619,11325,11294
문학경기장,2023-08-13,9068,4527,4541
선학,2023-08-13,7405,3648,3757
신연수,2023-08-13,4442,2265,2177
원인재,2023-08-13,2411,1235,1176
동춘,2023-08-13,9567,4781,4786
동막,2023-08-13,4400,2263,2137
캠퍼스타운,2023-08-13,5540,2772,2768
테크노파크,2023-08-13,15486,7640,7846
지식정보단지,2023-08-13,2739,1375,1364
인천대입구,2023-08-13,8395,4154,4241
센트럴파크(재외동포청),2023-08-13,5245,2570,2675
국제업무지구,2023-08-13,837,435,402
송도달빛축제공원,2023-08-13,6155,3033,3122
계양,2023-08-14,6648,3339,3309
귤현,2023-08-14,2024,851,1173
박촌,2023-08-14,7039,3716,3323
임학,2023-08-14,14000,7131,6869
계산,2023-08-14,18062,9163,8899
경인교대입구,2023-08-14,9638,4912,4726
작전,2023-08-14,24219,12447,11772
갈산,2023-08-14,15570,7954,7616
부평구청,2023-08-14,12393,6135,6258
부평시장,2023-08-14,24016,12039,11977
부평,2023-08-14,12901,6545,6356
동수,2023-08-14,7483,3894,3589
부평삼거리,2023-08-14,4290,2151,2139
간석오거리,2023-08-14,19425,10198,9227
인천시청,2023-08-14,9056,4639,4417
예술회관,2023-08-14,21887,10512,11375
인천터미널,2023-08-14,26826,13154,13672
문학경기장,2023-08-14,2964,1501,1463
선학,2023-08-14,11148,5554,5594
신연수,2023-08-14,9365,4798,4567
원인재,2023-08-14,4931,2622,2309
동춘,2023-08-14,18354,8974,9380
동막,2023-08-14,8990,4792,4198
캠퍼스타운,2023-08-14,10182,5157,5025
테크노파크,2023-08-14,19902,9893,10009
지식정보단지,2023-08-14,7568,3725,3843
인천대입구,2023-08-14,12508,6155,6353
센트럴파크(재외동포청),2023-08-14,7107,3569,3538
국제업무지구,2023-08-14,3109,1611,1498
송도달빛축제공원,2023-08-14,8902,4494,4408
계양,2023-08-15,4706,2243,2463
귤현,2023-08-15,1107,517,590
박촌,2023-08-15,4147,2148,1999
임학,2023-08-15,8865,4453,4412
계산,2023-08-15,12855,6352,6503
경인교대입구,2023-08-15,6501,3265,3236
작전,2023-08-15,14700,7483,7217
갈산,2023-08-15,7648,3843,3805
부평구청,2023-08-15,7219,3501,3718
부평시장,2023-08-15,14484,7272,7212
부평,2023-08-15,9549,5012,4537
동수,2023-08-15,4406,2253,2153
부평삼거리,2023-08-15,3336,1641,1695
간석오거리,2023-08-15,13357,6974,6383
인천시청,2023-08-15,5406,2793,2613
예술회관,2023-08-15,14144,6795,7349
인천터미널,2023-08-15,21290,10851,10439
문학경기장,2023-08-15,1932,961,971
선학,2023-08-15,7886,3959,3927
신연수,2023-08-15,5518,2807,2711
원인재,2023-08-15,2781,1501,1280
동춘,2023-08-15,13433,6625,6808
동막,2023-08-15,5017,2680,2337
캠퍼스타운,2023-08-15,5928,2991,2937
테크노파크,2023-08-15,16176,8044,8132
지식정보단지,2023-08-15,3433,1669,1764
인천대입구,2023-08-15,8954,4419,4535
센트럴파크(재외동포청),2023-08-15,5530,2734,2796
국제업무지구,2023-08-15,1638,854,784
송도달빛축제공원,2023-08-15,6374,3192,3182
계양,2023-08-16,7185,3614,3571
귤현,2023-08-16,2246,899,1347
박촌,2023-08-16,7725,4029,3696
임학,2023-08-16,15220,7714,7506
계산,2023-08-16,18894,9481,9413
경인교대입구,2023-08-16,10440,5254,5186
작전,2023-08-16,26448,13421,13027
갈산,2023-08-16,18357,9299,9058
부평구청,2023-08-16,13381,6615,6766
부평시장,2023-08-16,25509,12746,12763
부평,2023-08-16,12783,6584,6199
동수,2023-08-16,8111,4123,3988
부평삼거리,2023-08-16,5188,2630,2558
간석오거리,2023-08-16,20875,10891,9984
인천시청,2023-08-16,10618,5407,5211
예술회관,2023-08-16,23337,11392,11945
인천터미널,2023-08-16,25661,12697,12964
문학경기장,2023-08-16,3317,1633,1684
선학,2023-08-16,11804,5896,5908
신연수,2023-08-16,10412,5297,5115
원인재,2023-08-16,5621,3012,2609
동춘,2023-08-16,19923,9664,10259
동막,2023-08-16,10763,5796,4967
캠퍼스타운,2023-08-16,11221,5622,5599
테크노파크,2023-08-16,20568,10267,10301
지식정보단지,2023-08-16,9436,4573,4863
인천대입구,2023-08-16,13018,6471,6547
센트럴파크(재외동포청),2023-08-16,7387,3696,3691
국제업무지구,2023-08-16,3466,1791,1675
송도달빛축제공원,2023-08-16,9605,4802,4803
계양,2023-08-17,7319,3641,3678
귤현,2023-08-17,2338,968,1370
박촌,2023-08-17,7717,4026,3691
임학,2023-08-17,15265,7736,7529
계산,2023-08-17,18911,9657,9254
경인교대입구,2023-08-17,10456,5205,5251
작전,2023-08-17,26434,13425,13009
갈산,2023-08-17,18227,9251,8976
부평구청,2023-08-17,13813,6813,7000
부평시장,2023-08-17,25789,12863,12926
부평,2023-08-17,13024,6653,6371
동수,2023-08-17,8061,4124,3937
부평삼거리,2023-08-17,4981,2549,2432
간석오거리,2023-08-17,21162,11075,10087
인천시청,2023-08-17,10495,5337,5158
예술회관,2023-08-17,23154,11282,11872
인천터미널,2023-08-17,25656,12595,13061
문학경기장,2023-08-17,3379,1692,1687
선학,2023-08-17,11650,5780,5870
신연수,2023-08-17,10668,5375,5293
원인재,2023-08-17,5524,2964,2560
동춘,2023-08-17,19994,9798,10196
동막,2023-08-17,10585,5603,4982
캠퍼스타운,2023-08-17,11325,5664,5661
테크노파크,2023-08-17,20777,10339,10438
지식정보단지,2023-08-17,9584,4689,4895
인천대입구,2023-08-17,13010,6499,6511
센트럴파크(재외동포청),2023-08-17,7285,3652,3633
국제업무지구,2023-08-17,3555,1840,1715
송도달빛축제공원,2023-08-17,9586,4773,4813
계양,2023-08-18,7728,3872,3856
귤현,2023-08-18,2452,950,1502
박촌,2023-08-18,7938,4185,3753
임학,2023-08-18,15922,7977,7945
계산,2023-08-18,19801,10143,9658
경인교대입구,2023-08-18,10937,5450,5487
작전,2023-08-18,27588,14015,13573
갈산,2023-08-18,18701,9526,9175
부평구청,2023-08-18,13822,6819,7003
부평시장,2023-08-18,26482,13292,13190
부평,2023-08-18,14182,7062,7120
동수,2023-08-18,8373,4285,4088
부평삼거리,2023-08-18,5198,2667,2531
간석오거리,2023-08-18,21853,11428,10425
인천시청,2023-08-18,10610,5430,5180
예술회관,2023-08-18,24439,11713,12726
인천터미널,2023-08-18,29117,14141,14976
문학경기장,2023-08-18,11700,5567,6133
선학,2023-08-18,12366,6136,6230
신연수,2023-08-18,10882,5614,5268
원인재,2023-08-18,5975,3213,2762
동춘,2023-08-18,20792,10077,10715
동막,2023-08-18,11034,5930,5104
캠퍼스타운,2023-08-18,11729,5955,5774
테크노파크,2023-08-18,22218,11173,11045
지식정보단지,2023-08-18,9773,4801,4972
인천대입구,2023-08-18,14046,6876,7170
센트럴파크(재외동포청),2023-08-18,7983,3946,4037
국제업무지구,2023-08-18,3586,1847,1739
송도달빛축제공원,2023-08-18,9859,5033,4826
계양,2023-08-19,6264,2993,3271
귤현,2023-08-19,1622,756,866
박촌,2023-08-19,5236,2757,2479
임학,2023-08-19,11530,5874,5656
계산,2023-08-19,16255,8197,8058
경인교대입구,2023-08-19,8641,4318,4323
작전,2023-08-19,20555,10634,9921
갈산,2023-08-19,9259,4806,4453
부평구청,2023-08-19,9555,4622,4933
부평시장,2023-08-19,18324,9223,9101
부평,2023-08-19,12613,6413,6200
동수,2023-08-19,5700,2938,2762
부평삼거리,2023-08-19,3811,1902,1909
간석오거리,2023-08-19,16591,8675,7916
인천시청,2023-08-19,7086,3704,3382
예술회관,2023-08-19,18072,8399,9673
인천터미널,2023-08-19,27215,13282,13933
문학경기장,2023-08-19,15200,7443,7757
선학,2023-08-19,10146,5101,5045
신연수,2023-08-19,6446,3360,3086
원인재,2023-08-19,3820,2077,1743
동춘,2023-08-19,15625,7762,7863
동막,2023-08-19,6784,3651,3133
캠퍼스타운,2023-08-19,7756,3990,3766
테크노파크,2023-08-19,18015,8835,9180
지식정보단지,2023-08-19,4143,2101,2042
인천대입구,2023-08-19,10696,5276,5420
센트럴파크(재외동포청),2023-08-19,6927,3336,3591
국제업무지구,2023-08-19,1738,904,834
송도달빛축제공원,2023-08-19,7990,4016,3974
계양,2023-08-20,4580,2145,2435
귤현,2023-08-20,1058,506,552
박촌,2023-08-20,4022,2070,1952
임학,2023-08-20,8350,4166,4184
계산,2023-08-20,12028,6018,6010
경인교대입구,2023-08-20,6701,3378,3323
작전,2023-08-20,13904,7103,6801
갈산,2023-08-20,6171,3178,2993
부평구청,2023-08-20,7035,3499,3536
부평시장,2023-08-20,14010,6938,7072
부평,2023-08-20,8929,4758,4171
동수,2023-08-20,4189,2121,2068
부평삼거리,2023-08-20,3056,1486,1570
간석오거리,2023-08-20,12053,6252,5801
인천시청,2023-08-20,5217,2667,2550
예술회관,2023-08-20,12507,6053,6454
인천터미널,2023-08-20,21587,11022,10565
문학경기장,2023-08-20,9749,4774,4975
선학,2023-08-20,7921,4020,3901
신연수,2023-08-20,4945,2536,2409
원인재,2023-08-20,2561,1345,1216
동춘,2023-08-20,10866,5351,5515
동막,2023-08-20,4458,2223,2235
캠퍼스타운,2023-08-20,5560,2831,2729
테크노파크,2023-08-20,14283,7062,7221
지식정보단지,2023-08-20,2898,1427,1471
인천대입구,2023-08-20,7901,3885,4016
센트럴파크(재외동포청),2023-08-20,4971,2385,2586
국제업무지구,2023-08-20,783,407,376
송도달빛축제공원,2023-08-20,6024,2869,3155
계양,2023-08-21,7126,3615,3511
귤현,2023-08-21,2270,904,1366
박촌,2023-08-21,7604,3987,3617
임학,2023-08-21,15221,7685,7536
계산,2023-08-21,18958,9639,9319
경인교대입구,2023-08-21,10072,5038,5034
작전,2023-08-21,26442,13394,13048
갈산,2023-08-21,18223,9207,9016
부평구청,2023-08-21,13098,6448,6650
부평시장,2023-08-21,25865,13003,12862
부평,2023-08-21,12477,6301,6176
동수,2023-08-21,8250,4223,4027
부평삼거리,2023-08-21,4890,2523,2367
간석오거리,2023-08-21,20997,11035,9962
인천시청,2023-08-21,10255,5208,5047
예술회관,2023-08-21,22521,11069,11452
인천터미널,2023-08-21,23309,11375,11934
문학경기장,2023-08-21,3235,1637,1598
선학,2023-08-21,11462,5741,5721
신연수,2023-08-21,10891,5515,5376
원인재,2023-08-21,5674,3069,2605
동춘,2023-08-21,19914,9590,10324
동막,2023-08-21,10423,5566,4857
캠퍼스타운,2023-08-21,10974,5519,5455
테크노파크,2023-08-21,20099,10056,10043
지식정보단지,2023-08-21,9581,4626,4955
인천대입구,2023-08-21,11964,5914,6050
센트럴파크(재외동포청),2023-08-21,6963,3518,3445
국제업무지구,2023-08-21,3472,1795,1677
송도달빛축제공원,2023-08-21,9388,4689,4699
계양,2023-08-22,7082,3570,3512
귤현,2023-08-22,2280,855,1425
박촌,2023-08-22,7666,4028,3638
임학,2023-08-22,14947,7588,7359
계산,2023-08-22,18187,9222,8965
경인교대입구,2023-08-22,10079,5053,5026
작전,2023-08-22,25791,13094,12697
갈산,2023-08-22,18618,9404,9214
부평구청,2023-08-22,13055,6468,6587
부평시장,2023-08-22,25077,12506,12571
부평,2023-08-22,11773,5969,5804
동수,2023-08-22,8107,4154,3953
부평삼거리,2023-08-22,4987,2548,2439
간석오거리,2023-08-22,20695,10795,9900
인천시청,2023-08-22,10028,5087,4941
예술회관,2023-08-22,22072,10852,11220
인천터미널,2023-08-22,24254,11918,12336
문학경기장,2023-08-22,5087,2418,2669
선학,2023-08-22,11638,5739,5899
신연수,2023-08-22,10464,5341,5123
원인재,2023-08-22,5545,3006,2539
동춘,2023-08-22,19366,9449,9917
동막,2023-08-22,10567,5639,4928
캠퍼스타운,2023-08-22,10823,5415,5408
테크노파크,2023-08-22,20116,10053,10063
지식정보단지,2023-08-22,9427,4541,4886
인천대입구,2023-08-22,11884,5894,5990
센트럴파크(재외동포청),2023-08-22,6981,3497,3484
국제업무지구,2023-08-22,3580,1853,1727
송도달빛축제공원,2023-08-22,9084,4504,4580
계양,2023-08-23,6619,3340,3279
귤현,2023-08-23,2234,862,1372
박촌,2023-08-23,7290,3827,3463
임학,2023-08-23,14270,7199,7071
계산,2023-08-23,17245,8746,8499
경인교대입구,2023-08-23,9517,4783,4734
작전,2023-08-23,24327,12287,12040
갈산,2023-08-23,17865,9062,8803
부평구청,2023-08-23,12229,6024,6205
부평시장,2023-08-23,23472,11791,11681
부평,2023-08-23,11448,5752,5696
동수,2023-08-23,7736,3924,3812
부평삼거리,2023-08-23,4357,2209,2148
간석오거리,2023-08-23,19544,10197,9347
인천시청,2023-08-23,9755,4976,4779
예술회관,2023-08-23,21204,10425,10779
인천터미널,2023-08-23,22196,10896,11300
문학경기장,2023-08-23,3225,1638,1587
선학,2023-08-23,10975,5506,5469
신연수,2023-08-23,9733,4926,4807
원인재,2023-08-23,5400,2937,2463
동춘,2023-08-23,18422,8945,9477
동막,2023-08-23,10168,5478,4690
캠퍼스타운,2023-08-23,10601,5290,5311
테크노파크,2023-08-23,19195,9513,9682
지식정보단지,2023-08-23,9259,4496,4763
인천대입구,2023-08-23,11455,5626,5829
센트럴파크(재외동포청),2023-08-23,6652,3286,3366
국제업무지구,2023-08-23,3393,1754,1639
송도달빛축제공원,2023-08-23,8820,4405,4415
계양,2023-08-24,7332,3629,3703
귤현,2023-08-24,2401,938,1463
박촌,2023-08-24,7640,4014,3626
임학,2023-08-24,15023,7599,7424
계산,2023-08-24,18725,9476,9249
경인교대입구,2023-08-24,10344,5189,5155
작전,2023-08-24,26266,13314,12952
갈산,2023-08-24,18676,9394,9282
부평구청,2023-08-24,13137,6447,6690
부평시장,2023-08-24,25951,13021,12930
부평,2023-08-24,12381,6282,6099
동수,2023-08-24,8021,4152,3869
부평삼거리,2023-08-24,5156,2618,2538
간석오거리,2023-08-24,21091,10925,10166
인천시청,2023-08-24,10587,5374,5213
예술회관,2023-08-24,22718,11200,11518
인천터미널,2023-08-24,25393,12497,12896
문학경기장,2023-08-24,6868,3412,3456
선학,2023-08-24,11954,5945,6009
신연수,2023-08-24,10876,5579,5297
원인재,2023-08-24,5765,3114,2651
동춘,2023-08-24,19814,9640,10174
동막,2023-08-24,10859,5711,5148
캠퍼스타운,2023-08-24,11418,5737,5681
테크노파크,2023-08-24,20699,10261,10438
지식정보단지,2023-08-24,9514,4615,4899
인천대입구,2023-08-24,12458,6262,6196
센트럴파크(재외동포청),2023-08-24,7422,3712,3710
국제업무지구,2023-08-24,3464,1750,1714
송도달빛축제공원,2023-08-24,9495,4721,4774
계양,2023-08-25,7672,3873,3799
귤현,2023-08-25,2530,1018,1512
박촌,2023-08-25,8094,4275,3819
임학,2023-08-25,16267,8206,8061
계산,2023-08-25,20495,10411,10084
경인교대입구,2023-08-25,11066,5510,5556
작전,2023-08-25,28145,14350,13795
갈산,2023-08-25,19023,9632,9391
부평구청,2023-08-25,14115,6946,7169
부평시장,2023-08-25,27879,13978,13901
부평,2023-08-25,14477,7290,7187
동수,2023-08-25,8322,4342,3980
부평삼거리,2023-08-25,5439,2813,2626
간석오거리,2023-08-25,22376,11752,10624
인천시청,2023-08-25,11299,5729,5570
예술회관,2023-08-25,24834,11811,13023
인천터미널,2023-08-25,30045,14556,15489
문학경기장,2023-08-25,3824,1869,1955
선학,2023-08-25,12885,6423,6462
신연수,2023-08-25,11332,5808,5524
원인재,2023-08-25,6238,3335,2903
동춘,2023-08-25,21612,10604,11008
동막,2023-08-25,11515,6063,5452
캠퍼스타운,2023-08-25,12383,6279,6104
테크노파크,2023-08-25,22648,11294,11354
지식정보단지,2023-08-25,10180,5042,5138
인천대입구,2023-08-25,14876,7300,7576
센트럴파크(재외동포청),2023-08-25,8443,4188,4255
국제업무지구,2023-08-25,3801,1882,1919
송도달빛축제공원,2023-08-25,16352,8146,8206
계양,2023-08-26,6493,3090,3403
귤현,2023-08-26,1699,796,903
박촌,2023-08-26,5626,2968,2658
임학,2023-08-26,11978,6031,5947
계산,2023-08-26,17887,9015,8872
경인교대입구,2023-08-26,8862,4436,4426
작전,2023-08-26,21533,11080,10453
갈산,2023-08-26,9973,5104,4869
부평구청,2023-08-26,10537,5090,5447
부평시장,2023-08-26,19946,10034,9912
부평,2023-08-26,14474,7251,7223
동수,2023-08-26,5795,3005,2790
부평삼거리,2023-08-26,4228,2119,2109
간석오거리,2023-08-26,17576,9069,8507
인천시청,2023-08-26,7579,3895,3684
예술회관,2023-08-26,19916,9195,10721
인천터미널,2023-08-26,31599,15437,16162
문학경기장,2023-08-26,28497,12258,16239
선학,2023-08-26,11242,5709,5533
신연수,2023-08-26,6984,3666,3318
원인재,2023-08-26,4342,2217,2125
동춘,2023-08-26,16597,8207,8390
동막,2023-08-26,7354,3834,3520
캠퍼스타운,2023-08-26,9110,4785,4325
테크노파크,2023-08-26,21118,10343,10775
지식정보단지,2023-08-26,5158,2624,2534
인천대입구,2023-08-26,12956,6221,6735
센트럴파크(재외동포청),2023-08-26,9807,4783,5024
국제업무지구,2023-08-26,2399,1262,1137
송도달빛축제공원,2023-08-26,23589,11801,11788
계양,2023-08-27,4653,2140,2513
귤현,2023-08-27,1111,515,596
박촌,2023-08-27,4133,2139,1994
임학,2023-08-27,8784,4429,4355
계산,2023-08-27,13444,6650,6794
경인교대입구,2023-08-27,7274,3621,3653
작전,2023-08-27,13952,7081,6871
갈산,2023-08-27,6434,3293,3141
부평구청,2023-08-27,7170,3486,3684
부평시장,2023-08-27,14649,7324,7325
부평,2023-08-27,8862,4721,4141
동수,2023-08-27,4356,2201,2155
부평삼거리,2023-08-27,3157,1540,1617
간석오거리,2023-08-27,12351,6460,5891
인천시청,2023-08-27,5150,2646,2504
예술회관,2023-08-27,11841,5760,6081
인천터미널,2023-08-27,22200,11336,10864
문학경기장,2023-08-27,1479,774,705
선학,2023-08-27,7620,3774,3846
신연수,2023-08-27,5061,2618,2443
원인재,2023-08-27,2716,1425,1291
동춘,2023-08-27,9305,4651,4654
동막,2023-08-27,4930,2560,2370
캠퍼스타운,2023-08-27,6311,3157,3154
테크노파크,2023-08-27,15908,7875,8033
지식정보단지,2023-08-27,3206,1575,1631
인천대입구,2023-08-27,8090,4012,4078
센트럴파크(재외동포청),2023-08-27,5533,2750,2783
국제업무지구,2023-08-27,1014,524,490
송도달빛축제공원,2023-08-27,11467,5677,5790
계양,2023-08-28,7109,3587,3522
귤현,2023-08-28,2263,909,1354
박촌,2023-08-28,7489,3958,3531
임학,2023-08-28,15025,7638,7387
계산,2023-08-28,20630,10604,10026
경인교대입구,2023-08-28,10658,5334,5324
작전,2023-08-28,26170,13227,12943
갈산,2023-08-28,18341,9263,9078
부평구청,2023-08-28,12630,6235,6395
부평시장,2023-08-28,25238,12592,12646
부평,2023-08-28,11965,6063,5902
동수,2023-08-28,8042,4167,3875
부평삼거리,2023-08-28,4822,2433,2389
간석오거리,2023-08-28,20300,10644,9656
인천시청,2023-08-28,10159,5183,4976
예술회관,2023-08-28,21676,10729,10947
인천터미널,2023-08-28,24326,12050,12276
문학경기장,2023-08-28,3104,1556,1548
선학,2023-08-28,11238,5605,5633
신연수,2023-08-28,10363,5285,5078
원인재,2023-08-28,5346,2857,2489
동춘,2023-08-28,19299,9362,9937
동막,2023-08-28,10336,5456,4880
캠퍼스타운,2023-08-28,11559,5780,5779
테크노파크,2023-08-28,20034,9992,10042
지식정보단지,2023-08-28,9431,4598,4833
인천대입구,2023-08-28,12267,6066,6201
센트럴파크(재외동포청),2023-08-28,6810,3415,3395
국제업무지구,2023-08-28,3449,1785,1664
송도달빛축제공원,2023-08-28,9570,4718,4852
계양,2023-08-29,7012,3500,3512
귤현,2023-08-29,2340,897,1443
박촌,2023-08-29,7517,3933,3584
임학,2023-08-29,14929,7528,7401
계산,2023-08-29,19500,9918,9582
경인교대입구,2023-08-29,10719,5423,5296
작전,2023-08-29,25690,13004,12686
갈산,2023-08-29,18481,9384,9097
부평구청,2023-08-29,13030,6395,6635
부평시장,2023-08-29,24580,12306,12274
부평,2023-08-29,11900,6057,5843
동수,2023-08-29,7871,4042,3829
부평삼거리,2023-08-29,4778,2437,2341
간석오거리,2023-08-29,19886,10339,9547
인천시청,2023-08-29,10647,5360,5287
예술회관,2023-08-29,21633,10564,11069
인천터미널,2023-08-29,23789,11640,12149
문학경기장,2023-08-29,3545,1781,1764
선학,2023-08-29,11258,5633,5625
신연수,2023-08-29,10411,5276,5135
원인재,2023-08-29,5634,3049,2585
동춘,2023-08-29,19179,9333,9846
동막,2023-08-29,10385,5449,4936
캠퍼스타운,2023-08-29,11536,5771,5765
테크노파크,2023-08-29,20479,10331,10148
지식정보단지,2023-08-29,9345,4539,4806
인천대입구,2023-08-29,12759,6471,6288
센트럴파크(재외동포청),2023-08-29,6850,3405,3445
국제업무지구,2023-08-29,3573,1817,1756
송도달빛축제공원,2023-08-29,9234,4603,4631
계양,2023-08-30,7679,3861,3818
귤현,2023-08-30,2520,1004,1516
박촌,2023-08-30,7951,4154,3797
임학,2023-08-30,16046,8083,7963
계산,2023-08-30,21652,10953,10699
경인교대입구,2023-08-30,11356,5713,5643
작전,2023-08-30,27689,14101,13588
갈산,2023-08-30,19518,9916,9602
부평구청,2023-08-30,13897,6938,6959
부평시장,2023-08-30,27036,13561,13475
부평,2023-08-30,12609,6388,6221
동수,2023-08-30,8478,4302,4176
부평삼거리,2023-08-30,5511,2806,2705
간석오거리,2023-08-30,22326,11656,10670
인천시청,2023-08-30,11543,5819,5724
예술회관,2023-08-30,23695,11587,12108
인천터미널,2023-08-30,25718,12603,13115
문학경기장,2023-08-30,7932,3914,4018
선학,2023-08-30,12220,6019,6201
신연수,2023-08-30,11133,5667,5466
원인재,2023-08-30,5969,3242,2727
동춘,2023-08-30,20671,10102,10569
동막,2023-08-30,11456,5967,5489
캠퍼스타운,2023-08-30,12523,6241,6282
테크노파크,2023-08-30,21802,10970,10832
지식정보단지,2023-08-30,10101,4934,5167
인천대입구,2023-08-30,14420,7088,7332
센트럴파크(재외동포청),2023-08-30,7765,3888,3877
국제업무지구,2023-08-30,3656,1856,1800
송도달빛축제공원,2023-08-30,12320,6105,6215
계양,2023-08-31,7800,3942,3858
귤현,2023-08-31,2517,981,1536
박촌,2023-08-31,7901,4098,3803
임학,2023-08-31,16145,8090,8055
계산,2023-08-31,22015,11218,10797
경인교대입구,2023-08-31,11836,6010,5826
작전,2023-08-31,27780,14117,13663
갈산,2023-08-31,19607,10053,9554
부평구청,2023-08-31,14099,7089,7010
부평시장,2023-08-31,27389,13749,13640
부평,2023-08-31,13052,6639,6413
동수,2023-08-31,8367,4328,4039
부평삼거리,2023-08-31,5421,2756,2665
간석오거리,2023-08-31,22494,11776,10718
인천시청,2023-08-31,11229,5651,5578
예술회관,2023-08-31,23401,11393,12008
인천터미널,2023-08-31,27038,13378,13660
문학경기장,2023-08-31,9291,4458,4833
선학,2023-08-31,12443,6208,6235
신연수,2023-08-31,11422,5784,5638
원인재,2023-08-31,5994,3215,2779
동춘,2023-08-31,20886,10205,10681
동막,2023-08-31,11239,5941,5298
캠퍼스타운,2023-08-31,13025,6465,6560
테크노파크,2023-08-31,22338,11127,11211
지식정보단지,2023-08-31,10166,4951,5215
인천대입구,2023-08-31,14276,6958,7318
센트럴파크(재외동포청),2023-08-31,8584,4219,4365
국제업무지구,2023-08-31,3790,1881,1909
송도달빛축제공원,2023-08-31,14722,7363,7359
계양,2023-09-01,8223,4150,4073
귤현,2023-09-01,2585,1036,1549
박촌,2023-09-01,8436,4409,4027
임학,2023-09-01,16968,8579,8389
계산,2023-09-01,22530,11467,11063
경인교대입구,2023-09-01,11657,5839,5818
작전,2023-09-01,29092,14879,14213
갈산,2023-09-01,19332,9801,9531
부평구청,2023-09-01,14273,7026,7247
부평시장,2023-09-01,27915,14002,13913
부평,2023-09-01,14416,7130,7286
동수,2023-09-01,8593,4432,4161
부평삼거리,2023-09-01,5720,2956,2764
간석오거리,2023-09-01,23133,12152,10981
인천시청,2023-09-01,12007,6099,5908
예술회관,2023-09-01,24949,11969,12980
인천터미널,2023-09-01,31288,15241,16047
문학경기장,2023-09-01,15105,7214,7891
선학,2023-09-01,13035,6547,6488
신연수,2023-09-01,11978,6196,5782
원인재,2023-09-01,6408,3411,2997
동춘,2023-09-01,22019,10762,11257
동막,2023-09-01,11644,6138,5506
캠퍼스타운,2023-09-01,13718,7085,6633
테크노파크,2023-09-01,23467,11806,11661
지식정보단지,2023-09-01,10885,5308,5577
인천대입구,2023-09-01,18229,9089,9140
센트럴파크(재외동포청),2023-09-01,8571,4160,4411
국제업무지구,2023-09-01,3882,1933,1949
송도달빛축제공원,2023-09-01,18612,9216,9396
계양,2023-09-02,6791,3292,3499
귤현,2023-09-02,1763,813,950
박촌,2023-09-02,5768,3046,2722
임학,2023-09-02,12502,6396,6106
계산,2023-09-02,19019,9489,9530
경인교대입구,2023-09-02,9258,4699,4559
작전,2023-09-02,21770,11188,10582
갈산,2023-09-02,9955,5231,4724
부평구청,2023-09-02,10631,5132,5499
부평시장,2023-09-02,19848,10007,9841
부평,2023-09-02,13858,6929,6929
동수,2023-09-02,6047,3125,2922
부평삼거리,2023-09-02,4576,2319,2257
간석오거리,2023-09-02,18088,9468,8620
인천시청,2023-09-02,7862,4101,3761
예술회관,2023-09-02,18753,8859,9894
인천터미널,2023-09-02,29462,14424,15038
문학경기장,2023-09-02,17927,8536,9391
선학,2023-09-02,10863,5459,5404
신연수,2023-09-02,6906,3617,3289
원인재,2023-09-02,4567,2350,2217
동춘,2023-09-02,16694,8298,8396
동막,2023-09-02,7682,4033,3649
캠퍼스타운,2023-09-02,9993,5182,4811
테크노파크,2023-09-02,22020,10803,11217
지식정보단지,2023-09-02,5385,2737,2648
인천대입구,2023-09-02,12859,6275,6584
센트럴파크(재외동포청),2023-09-02,9609,4723,4886
국제업무지구,2023-09-02,2618,1379,1239
송도달빛축제공원,2023-09-02,26398,12977,13421
계양,2023-09-03,4717,2208,2509
귤현,2023-09-03,1136,538,598
박촌,2023-09-03,4174,2195,1979
임학,2023-09-03,8757,4515,4242
계산,2023-09-03,13562,6798,6764
경인교대입구,2023-09-03,7129,3493,3636
작전,2023-09-03,14782,7623,7159
갈산,2023-09-03,6512,3338,3174
부평구청,2023-09-03,6987,3417,3570
부평시장,2023-09-03,14677,7352,7325
부평,2023-09-03,9241,4901,4340
동수,2023-09-03,4364,2234,2130
부평삼거리,2023-09-03,3272,1621,1651
간석오거리,2023-09-03,12418,6462,5956
인천시청,2023-09-03,5443,2786,2657
예술회관,2023-09-03,12265,6032,6233
인천터미널,2023-09-03,23324,11744,11580
문학경기장,2023-09-03,14494,7093,7401
선학,2023-09-03,7815,3922,3893
신연수,2023-09-03,4869,2466,2403
원인재,2023-09-03,2604,1414,1190
동춘,2023-09-03,11268,5624,5644
동막,2023-09-03,4615,2379,2236
캠퍼스타운,2023-09-03,6643,3181,3462
테크노파크,2023-09-03,14924,7299,7625
지식정보단지,2023-09-03,3387,1694,1693
인천대입구,2023-09-03,8346,3970,4376
센트럴파크(재외동포청),2023-09-03,5166,2571,2595
국제업무지구,2023-09-03,889,459,430
송도달빛축제공원,2023-09-03,6141,3035,3106
계양,2023-09-04,7585,3842,3743
귤현,2023-09-04,2445,971,1474
박촌,2023-09-04,7924,4166,3758
임학,2023-09-04,16037,8138,7899
계산,2023-09-04,21603,11014,10589
경인교대입구,2023-09-04,11164,5587,5577
작전,2023-09-04,27777,14220,13557
갈산,2023-09-04,19237,9788,9449
부평구청,2023-09-04,13455,6608,6847
부평시장,2023-09-04,26665,13442,13223
부평,2023-09-04,12357,6308,6049
동수,2023-09-04,8347,4265,4082
부평삼거리,2023-09-04,5216,2672,2544
간석오거리,2023-09-04,21553,11297,10256
인천시청,2023-09-04,11188,5663,5525
예술회관,2023-09-04,22752,11274,11478
인천터미널,2023-09-04,26183,12703,13480
문학경기장,2023-09-04,3473,1771,1702
선학,2023-09-04,11701,5761,5940
신연수,2023-09-04,11702,5902,5800
원인재,2023-09-04,5825,3134,2691
동춘,2023-09-04,20027,9799,10228
동막,2023-09-04,10782,5704,5078
캠퍼스타운,2023-09-04,12516,6267,6249
테크노파크,2023-09-04,21333,10621,10712
지식정보단지,2023-09-04,10728,5183,5545
인천대입구,2023-09-04,18332,9088,9244
센트럴파크(재외동포청),2023-09-04,7310,3656,3654
국제업무지구,2023-09-04,3407,1733,1674
송도달빛축제공원,2023-09-04,9811,4981,4830
계양,2023-09-05,7878,4002,3876
귤현,2023-09-05,2539,972,1567
박촌,2023-09-05,8056,4215,3841
임학,2023-09-05,16324,8250,8074
계산,2023-09-05,21292,10821,10471
경인교대입구,2023-09-05,11373,5741,5632
작전,2023-09-05,28243,14444,13799
갈산,2023-09-05,19306,9819,9487
부평구청,2023-09-05,14087,7034,7053
부평시장,2023-09-05,26945,13434,13511
부평,2023-09-05,12472,6427,6045
동수,2023-09-05,8479,4335,4144
부평삼거리,2023-09-05,5390,2732,2658
간석오거리,2023-09-05,22309,11580,10729
인천시청,2023-09-05,11320,5767,5553
예술회관,2023-09-05,23417,11557,11860
인천터미널,2023-09-05,25724,12615,13109
문학경기장,2023-09-05,3646,1782,1864
선학,2023-09-05,12377,6148,6229
신연수,2023-09-05,12078,6096,5982
원인재,2023-09-05,6007,3218,2789
동춘,2023-09-05,20357,9911,10446
동막,2023-09-05,11296,5935,5361
캠퍼스타운,2023-09-05,13385,7128,6257
테크노파크,2023-09-05,21514,10739,10775
지식정보단지,2023-09-05,10794,5301,5493
인천대입구,2023-09-05,18206,9063,9143
센트럴파크(재외동포청),2023-09-05,7622,3806,3816
국제업무지구,2023-09-05,3664,1865,1799
송도달빛축제공원,2023-09-05,9960,4950,5010
계양,2023-09-06,7850,3999,3851
귤현,2023-09-06,2597,996,1601
박촌,2023-09-06,8151,4251,3900
임학,2023-09-06,16399,8310,8089
계산,2023-09-06,22238,11278,10960
경인교대입구,2023-09-06,11370,5764,5606
작전,2023-09-06,28402,14387,14015
갈산,2023-09-06,19319,9795,9524
부평구청,2023-09-06,13849,6777,7072
부평시장,2023-09-06,26963,13569,13394
부평,2023-09-06,12952,6608,6344
동수,2023-09-06,8610,4338,4272
부평삼거리,2023-09-06,5355,2720,2635
간석오거리,2023-09-06,22242,11614,10628
인천시청,2023-09-06,11504,5817,5687
예술회관,2023-09-06,23638,11621,12017
인천터미널,2023-09-06,26016,12816,13200
문학경기장,2023-09-06,3305,1671,1634
선학,2023-09-06,12473,6159,6314
신연수,2023-09-06,11919,6065,5854
원인재,2023-09-06,6268,3386,2882
동춘,2023-09-06,20644,10064,10580
동막,2023-09-06,11391,5998,5393
캠퍼스타운,2023-09-06,12787,6462,6325
테크노파크,2023-09-06,21746,10835,10911
지식정보단지,2023-09-06,10770,5288,5482
인천대입구,2023-09-06,18415,9127,9288
센트럴파크(재외동포청),2023-09-06,7677,3807,3870
국제업무지구,2023-09-06,3613,1822,1791
송도달빛축제공원,2023-09-06,10097,5013,5084
계양,2023-09-07,8018,4048,3970
귤현,2023-09-07,2568,1015,1553
박촌,2023-09-07,8256,4324,3932
임학,2023-09-07,16624,8392,8232
계산,2023-09-07,22266,11317,10949
경인교대입구,2023-09-07,11829,5994,5835
작전,2023-09-07,28246,14363,13883
갈산,2023-09-07,19531,9881,9650
부평구청,2023-09-07,14157,6973,7184
부평시장,2023-09-07,27488,13718,13770
부평,2023-09-07,12999,6494,6505
동수,2023-09-07,8472,4348,4124
부평삼거리,2023-09-07,5472,2782,2690
간석오거리,2023-09-07,22173,11560,10613
인천시청,2023-09-07,11795,5955,5840
예술회관,2023-09-07,23906,11702,12204
인천터미널,2023-09-07,26983,13359,13624
문학경기장,2023-09-07,3589,1821,1768
선학,2023-09-07,12771,6361,6410
신연수,2023-09-07,11953,6063,5890
원인재,2023-09-07,6209,3312,2897
동춘,2023-09-07,20840,10133,10707
동막,2023-09-07,11126,5888,5238
캠퍼스타운,2023-09-07,13128,6802,6326
테크노파크,2023-09-07,21931,11077,10854
지식정보단지,2023-09-07,10875,5284,5591
인천대입구,2023-09-07,19872,10005,9867
센트럴파크(재외동포청),2023-09-07,8051,4015,4036
국제업무지구,2023-09-07,3735,1882,1853
송도달빛축제공원,2023-09-07,10229,5080,5149
계양,2023-09-08,8280,4147,4133
귤현,2023-09-08,2574,1007,1567
박촌,2023-09-08,8193,4279,3914
임학,2023-09-08,17047,8581,8466
계산,2023-09-08,22341,11325,11016
경인교대입구,2023-09-08,11656,5962,5694
작전,2023-09-08,28862,14687,14175
갈산,2023-09-08,19643,9928,9715
부평구청,2023-09-08,14076,6885,7191
부평시장,2023-09-08,27930,13898,14032
부평,2023-09-08,14206,6975,7231
동수,2023-09-08,8658,4443,4215
부평삼거리,2023-09-08,5592,2826,2766
간석오거리,2023-09-08,22645,11930,10715
인천시청,2023-09-08,11608,5920,5688
예술회관,2023-09-08,25154,12142,13012
인천터미널,2023-09-08,31172,15310,15862
문학경기장,2023-09-08,3745,1839,1906
선학,2023-09-08,13583,6800,6783
신연수,2023-09-08,11957,6133,5824
원인재,2023-09-08,6258,3309,2949
동춘,2023-09-08,21581,10455,11126
동막,2023-09-08,11530,6115,5415
캠퍼스타운,2023-09-08,13547,6944,6603
테크노파크,2023-09-08,22481,11305,11176
지식정보단지,2023-09-08,10606,5237,5369
인천대입구,2023-09-08,18621,9447,9174
센트럴파크(재외동포청),2023-09-08,9039,4486,4553
국제업무지구,2023-09-08,3705,1885,1820
송도달빛축제공원,2023-09-08,10580,5250,5330
계양,2023-09-09,6829,3281,3548
귤현,2023-09-09,1641,743,898
박촌,2023-09-09,5605,3000,2605
임학,2023-09-09,12652,6432,6220
계산,2023-09-09,19141,9492,9649
경인교대입구,2023-09-09,9136,4603,4533
작전,2023-09-09,22677,11611,11066
갈산,2023-09-09,10298,5263,5035
부평구청,2023-09-09,10624,5178,5446
부평시장,2023-09-09,19612,9875,9737
부평,2023-09-09,15302,7734,7568
동수,2023-09-09,5926,3047,2879
부평삼거리,2023-09-09,4375,2197,2178
간석오거리,2023-09-09,17392,9131,8261
인천시청,2023-09-09,8024,4122,3902
예술회관,2023-09-09,18510,8756,9754
인천터미널,2023-09-09,29487,14532,14955
문학경기장,2023-09-09,14978,7237,7741
선학,2023-09-09,10786,5568,5218
신연수,2023-09-09,7443,3849,3594
원인재,2023-09-09,4334,2288,2046
동춘,2023-09-09,16421,8095,8326
동막,2023-09-09,7334,3854,3480
캠퍼스타운,2023-09-09,9852,5345,4507
테크노파크,2023-09-09,20412,10043,10369
지식정보단지,2023-09-09,4838,2464,2374
인천대입구,2023-09-09,12680,6164,6516
센트럴파크(재외동포청),2023-09-09,9048,4332,4716
국제업무지구,2023-09-09,2249,1162,1087
송도달빛축제공원,2023-09-09,16475,8043,8432
계양,2023-09-10,4688,2170,2518
귤현,2023-09-10,1092,525,567
박촌,2023-09-10,4170,2141,2029
임학,2023-09-10,9037,4590,4447
계산,2023-09-10,13758,6838,6920
경인교대입구,2023-09-10,7268,3570,3698
작전,2023-09-10,14176,7246,6930
갈산,2023-09-10,6694,3435,3259
부평구청,2023-09-10,7297,3587,3710
부평시장,2023-09-10,14931,7496,7435
부평,2023-09-10,9124,4771,4353
동수,2023-09-10,4263,2173,2090
부평삼거리,2023-09-10,3542,1740,1802
간석오거리,2023-09-10,12085,6225,5860
인천시청,2023-09-10,5561,2872,2689
예술회관,2023-09-10,11799,5729,6070
인천터미널,2023-09-10,22998,11602,11396
문학경기장,2023-09-10,1464,718,746
선학,2023-09-10,7792,3915,3877
신연수,2023-09-10,5141,2624,2517
원인재,2023-09-10,2856,1531,1325
동춘,2023-09-10,9155,4563,4592
동막,2023-09-10,4682,2404,2278
캠퍼스타운,2023-09-10,6345,3020,3325
테크노파크,2023-09-10,15364,7567,7797
지식정보단지,2023-09-10,2965,1459,1506
인천대입구,2023-09-10,8471,4091,4380
센트럴파크(재외동포청),2023-09-10,5735,2817,2918
국제업무지구,2023-09-10,858,441,417
송도달빛축제공원,2023-09-10,6517,3323,3194
계양,2023-09-11,7838,3968,3870
귤현,2023-09-11,2526,994,1532
박촌,2023-09-11,7931,4158,3773
임학,2023-09-11,16260,8211,8049
계산,2023-09-11,21960,11273,10687
경인교대입구,2023-09-11,11463,5734,5729
작전,2023-09-11,28247,14408,13839
갈산,2023-09-11,19375,9840,9535
부평구청,2023-09-11,13614,6669,6945
부평시장,2023-09-11,26617,13425,13192
부평,2023-09-11,12750,6396,6354
동수,2023-09-11,8479,4316,4163
부평삼거리,2023-09-11,5378,2758,2620
간석오거리,2023-09-11,21678,11353,10325
인천시청,2023-09-11,11064,5612,5452
예술회관,2023-09-11,23120,11404,11716
인천터미널,2023-09-11,26439,12757,13682
문학경기장,2023-09-11,3422,1698,1724
선학,2023-09-11,12256,6112,6144
신연수,2023-09-11,12075,6127,5948
원인재,2023-09-11,5984,3218,2766
동춘,2023-09-11,20691,10071,10620
동막,2023-09-11,10888,5724,5164
캠퍼스타운,2023-09-11,12676,6300,6376
테크노파크,2023-09-11,21169,10596,10573
지식정보단지,2023-09-11,10667,5170,5497
인천대입구,2023-09-11,18011,8923,9088
센트럴파크(재외동포청),2023-09-11,7339,3674,3665
국제업무지구,2023-09-11,3542,1816,1726
송도달빛축제공원,2023-09-11,9950,5051,4899
계양,2023-09-12,8109,4086,4023
귤현,2023-09-12,2559,992,1567
박촌,2023-09-12,8169,4254,3915
임학,2023-09-12,16689,8465,8224
계산,2023-09-12,21597,10937,10660
경인교대입구,2023-09-12,11489,5798,5691
작전,2023-09-12,28435,14495,13940
갈산,2023-09-12,19820,10103,9717
부평구청,2023-09-12,14595,7265,7330
부평시장,2023-09-12,27388,13768,13620
부평,2023-09-12,12411,6217,6194
동수,2023-09-12,8843,4520,4323
부평삼거리,2023-09-12,5626,2875,2751
간석오거리,2023-09-12,22334,11641,10693
인천시청,2023-09-12,11826,5958,5868
예술회관,2023-09-12,23903,11676,12227
인천터미널,2023-09-12,26159,12806,13353
문학경기장,2023-09-12,8803,4163,4640
선학,2023-09-12,12781,6395,6386
신연수,2023-09-12,12488,6243,6245
원인재,2023-09-12,6179,3315,2864
동춘,2023-09-12,20879,10188,10691
동막,2023-09-12,11478,6096,5382
캠퍼스타운,2023-09-12,12542,6270,6272
테크노파크,2023-09-12,21897,10913,10984
지식정보단지,2023-09-12,11088,5436,5652
인천대입구,2023-09-12,18771,9375,9396
센트럴파크(재외동포청),2023-09-12,8016,3969,4047
국제업무지구,2023-09-12,3827,1950,1877
송도달빛축제공원,2023-09-12,10118,5047,5071
계양,2023-09-13,7727,3949,3778
귤현,2023-09-13,2510,990,1520
박촌,2023-09-13,8082,4195,3887
임학,2023-09-13,16256,8236,8020
계산,2023-09-13,21539,10883,10656
경인교대입구,2023-09-13,11318,5647,5671
작전,2023-09-13,27811,14159,13652
갈산,2023-09-13,19414,9925,9489
부평구청,2023-09-13,13664,6794,6870
부평시장,2023-09-13,26468,13190,13278
부평,2023-09-13,12467,6357,6110
동수,2023-09-13,8781,4463,4318
부평삼거리,2023-09-13,5260,2666,2594
간석오거리,2023-09-13,21586,11212,10374
인천시청,2023-09-13,11035,5527,5508
예술회관,2023-09-13,23751,11727,12024
인천터미널,2023-09-13,25221,12348,12873
문학경기장,2023-09-13,3272,1672,1600
선학,2023-09-13,12292,6118,6174
신연수,2023-09-13,11658,5836,5822
원인재,2023-09-13,6184,3319,2865
동춘,2023-09-13,20355,9914,10441
동막,2023-09-13,11660,6110,5550
캠퍼스타운,2023-09-13,12177,6115,6062
테크노파크,2023-09-13,21079,10581,10498
지식정보단지,2023-09-13,10637,5087,5550
인천대입구,2023-09-13,18307,9094,9213
센트럴파크(재외동포청),2023-09-13,7600,3729,3871
국제업무지구,2023-09-13,3568,1803,1765
송도달빛축제공원,2023-09-13,9946,4984,4962
계양,2023-09-14,8135,4105,4030
귤현,2023-09-14,2610,1019,1591
박촌,2023-09-14,8020,4160,3860
임학,2023-09-14,16353,8301,8052
계산,2023-09-14,22334,11389,10945
경인교대입구,2023-09-14,11701,5981,5720
작전,2023-09-14,28131,14280,13851
갈산,2023-09-14,19759,10057,9702
부평구청,2023-09-14,14082,6968,7114
부평시장,2023-09-14,27494,13815,13679
부평,2023-09-14,12794,6394,6400
동수,2023-09-14,8702,4451,4251
부평삼거리,2023-09-14,5683,2841,2842
간석오거리,2023-09-14,22340,11680,10660
인천시청,2023-09-14,11212,5739,5473
예술회관,2023-09-14,24285,11861,12424
인천터미널,2023-09-14,26888,13537,13351
문학경기장,2023-09-14,3456,1761,1695
선학,2023-09-14,12594,6383,6211
신연수,2023-09-14,12148,6184,5964
원인재,2023-09-14,6409,3431,2978
동춘,2023-09-14,20882,10169,10713
동막,2023-09-14,11372,6040,5332
캠퍼스타운,2023-09-14,13035,6738,6297
테크노파크,2023-09-14,22680,11353,11327
지식정보단지,2023-09-14,10723,5268,5455
인천대입구,2023-09-14,19026,9524,9502
센트럴파크(재외동포청),2023-09-14,8171,3997,4174
국제업무지구,2023-09-14,3666,1838,1828
송도달빛축제공원,2023-09-14,10251,5093,5158
계양,2023-09-15,7951,4005,3946
귤현,2023-09-15,2662,1024,1638
박촌,2023-09-15,8102,4249,3853
임학,2023-09-15,16416,8318,8098
계산,2023-09-15,21915,11118,10797
경인교대입구,2023-09-15,11704,5929,5775
작전,2023-09-15,28544,14665,13879
갈산,2023-09-15,19641,10062,9579
부평구청,2023-09-15,13939,6938,7001
부평시장,2023-09-15,27436,13743,13693
부평,2023-09-15,14233,7002,7231
동수,2023-09-15,8682,4472,4210
부평삼거리,2023-09-15,5505,2782,2723
간석오거리,2023-09-15,22832,11977,10855
인천시청,2023-09-15,11418,5790,5628
예술회관,2023-09-15,25113,12038,13075
인천터미널,2023-09-15,30658,15115,15543
문학경기장,2023-09-15,3424,1733,1691
선학,2023-09-15,14073,7022,7051
신연수,2023-09-15,11676,5966,5710
원인재,2023-09-15,6314,3343,2971
동춘,2023-09-15,21188,10314,10874
동막,2023-09-15,11426,6037,5389
캠퍼스타운,2023-09-15,12951,6832,6119
테크노파크,2023-09-15,22347,11228,11119
지식정보단지,2023-09-15,10292,5008,5284
인천대입구,2023-09-15,18195,9315,8880
센트럴파크(재외동포청),2023-09-15,8716,4329,4387
국제업무지구,2023-09-15,3674,1887,1787
송도달빛축제공원,2023-09-15,10591,5351,5240
계양,2023-09-16,6238,3042,3196
귤현,2023-09-16,1570,667,903
박촌,2023-09-16,5470,2915,2555
임학,2023-09-16,11608,5963,5645
계산,2023-09-16,18008,8956,9052
경인교대입구,2023-09-16,9003,4554,4449
작전,2023-09-16,21131,10817,10314
갈산,2023-09-16,9710,5001,4709
부평구청,2023-09-16,9869,4839,5030
부평시장,2023-09-16,19301,9708,9593
부평,2023-09-16,13136,6599,6537
동수,2023-09-16,5645,2866,2779
부평삼거리,2023-09-16,4949,2466,2483
간석오거리,2023-09-16,17081,8930,8151
인천시청,2023-09-16,7852,3968,3884
예술회관,2023-09-16,17639,8374,9265
인천터미널,2023-09-16,28236,13969,14267
문학경기장,2023-09-16,4040,2027,2013
선학,2023-09-16,10388,5257,5131
신연수,2023-09-16,7228,3775,3453
원인재,2023-09-16,4293,2277,2016
동춘,2023-09-16,15232,7584,7648
동막,2023-09-16,6848,3565,3283
캠퍼스타운,2023-09-16,8650,4472,4178
테크노파크,2023-09-16,19040,9517,9523
지식정보단지,2023-09-16,4795,2475,2320
인천대입구,2023-09-16,12201,6111,6090
센트럴파크(재외동포청),2023-09-16,7506,3655,3851
국제업무지구,2023-09-16,1744,926,818
송도달빛축제공원,2023-09-16,8004,4079,3925
계양,2023-09-17,4506,2118,2388
귤현,2023-09-17,1029,499,530
박촌,2023-09-17,3956,2098,1858
임학,2023-09-17,8487,4320,4167
계산,2023-09-17,12717,6403,6314
경인교대입구,2023-09-17,7225,3547,3678
작전,2023-09-17,13849,7109,6740
갈산,2023-09-17,6448,3328,3120
부평구청,2023-09-17,7291,3559,3732
부평시장,2023-09-17,14184,7124,7060
부평,2023-09-17,9286,4930,4356
동수,2023-09-17,4276,2157,2119
부평삼거리,2023-09-17,4093,2079,2014
간석오거리,2023-09-17,12609,6601,6008
인천시청,2023-09-17,5459,2819,2640
예술회관,2023-09-17,12179,6012,6167
인천터미널,2023-09-17,23174,11677,11497
문학경기장,2023-09-17,2520,1254,1266
선학,2023-09-17,8180,4099,4081
신연수,2023-09-17,5119,2633,2486
원인재,2023-09-17,3046,1614,1432
동춘,2023-09-17,12030,6044,5986
동막,2023-09-17,4758,2524,2234
캠퍼스타운,2023-09-17,7067,3416,3651
테크노파크,2023-09-17,15964,7845,8119
지식정보단지,2023-09-17,3171,1579,1592
인천대입구,2023-09-17,9059,4289,4770
센트럴파크(재외동포청),2023-09-17,5472,2663,2809
국제업무지구,2023-09-17,750,404,346
송도달빛축제공원,2023-09-17,6449,3192,3257
계양,2023-09-18,7909,4046,3863
귤현,2023-09-18,2582,1002,1580
박촌,2023-09-18,8045,4232,3813
임학,2023-09-18,16273,8251,8022
계산,2023-09-18,21691,11098,10593
경인교대입구,2023-09-18,11168,5580,5588
작전,2023-09-18,27912,14262,13650
갈산,2023-09-18,19021,9682,9339
부평구청,2023-09-18,13733,6855,6878
부평시장,2023-09-18,27049,13557,13492
부평,2023-09-18,12575,6377,6198
동수,2023-09-18,8379,4271,4108
부평삼거리,2023-09-18,5768,2922,2846
간석오거리,2023-09-18,21706,11374,10332
인천시청,2023-09-18,11031,5592,5439
예술회관,2023-09-18,23534,11543,11991
인천터미널,2023-09-18,26921,13026,13895
문학경기장,2023-09-18,3972,1954,2018
선학,2023-09-18,12222,6067,6155
신연수,2023-09-18,11995,6024,5971
원인재,2023-09-18,6008,3203,2805
동춘,2023-09-18,20523,9999,10524
동막,2023-09-18,10817,5710,5107
캠퍼스타운,2023-09-18,12397,6154,6243
테크노파크,2023-09-18,21200,10583,10617
지식정보단지,2023-09-18,10770,5255,5515
인천대입구,2023-09-18,17926,8838,9088
센트럴파크(재외동포청),2023-09-18,7450,3687,3763
국제업무지구,2023-09-18,3546,1829,1717
송도달빛축제공원,2023-09-18,9863,4956,4907
계양,2023-09-19,8237,4222,4015
귤현,2023-09-19,2605,995,1610
박촌,2023-09-19,8118,4215,3903
임학,2023-09-19,16494,8357,8137
계산,2023-09-19,21354,10805,10549
경인교대입구,2023-09-19,11388,5704,5684
작전,2023-09-19,28227,14292,13935
갈산,2023-09-19,19581,10023,9558
부평구청,2023-09-19,14232,7081,7151
부평시장,2023-09-19,27796,13921,13875
부평,2023-09-19,12489,6211,6278
동수,2023-09-19,8660,4425,4235
부평삼거리,2023-09-19,5719,2884,2835
간석오거리,2023-09-19,22272,11614,10658
인천시청,2023-09-19,11243,5670,5573
예술회관,2023-09-19,23873,11690,12183
인천터미널,2023-09-19,25552,12506,13046
문학경기장,2023-09-19,3695,1798,1897
선학,2023-09-19,12713,6348,6365
신연수,2023-09-19,12125,6097,6028
원인재,2023-09-19,5974,3218,2756
동춘,2023-09-19,20630,10092,10538
동막,2023-09-19,11361,5964,5397
캠퍼스타운,2023-09-19,12298,6185,6113
테크노파크,2023-09-19,21499,10706,10793
지식정보단지,2023-09-19,10938,5356,5582
인천대입구,2023-09-19,18537,9261,9276
센트럴파크(재외동포청),2023-09-19,7981,3980,4001
국제업무지구,2023-09-19,3765,1921,1844
송도달빛축제공원,2023-09-19,10270,5129,5141
계양,2023-09-20,7957,4054,3903
귤현,2023-09-20,2566,964,1602
박촌,2023-09-20,7840,4082,3758
임학,2023-09-20,15605,7891,7714
계산,2023-09-20,20834,10618,10216
경인교대입구,2023-09-20,10873,5432,5441
작전,2023-09-20,27218,13787,13431
갈산,2023-09-20,19428,9883,9545
부평구청,2023-09-20,13435,6646,6789
부평시장,2023-09-20,25987,13045,12942
부평,2023-09-20,12158,6147,6011
동수,2023-09-20,8440,4319,4121
부평삼거리,2023-09-20,5121,2622,2499
간석오거리,2023-09-20,21288,11076,10212
인천시청,2023-09-20,10795,5464,5331
예술회관,2023-09-20,23194,11416,11778
인천터미널,2023-09-20,24548,12095,12453
문학경기장,2023-09-20,3212,1545,1667
선학,2023-09-20,11946,5967,5979
신연수,2023-09-20,11301,5675,5626
원인재,2023-09-20,5926,3171,2755
동춘,2023-09-20,19592,9501,10091
동막,2023-09-20,10830,5684,5146
캠퍼스타운,2023-09-20,11740,5914,5826
테크노파크,2023-09-20,20034,10039,9995
지식정보단지,2023-09-20,10714,5238,5476
인천대입구,2023-09-20,17882,8878,9004
센트럴파크(재외동포청),2023-09-20,7369,3646,3723
국제업무지구,2023-09-20,3642,1865,1777
송도달빛축제공원,2023-09-20,9139,4548,4591
계양,2023-09-21,8218,4209,4009
귤현,2023-09-21,2748,1058,1690
박촌,2023-09-21,8222,4293,3929
임학,2023-09-21,16640,8385,8255
계산,2023-09-21,22468,11460,11008
경인교대입구,2023-09-21,11836,5991,5845
작전,2023-09-21,28696,14609,14087
갈산,2023-09-21,19640,9976,9664
부평구청,2023-09-21,14466,7153,7313
부평시장,2023-09-21,28333,14182,14151
부평,2023-09-21,12736,6415,6321
동수,2023-09-21,8641,4357,4284
부평삼거리,2023-09-21,5941,2986,2955
간석오거리,2023-09-21,22468,11759,10709
인천시청,2023-09-21,11724,5902,5822
예술회관,2023-09-21,24468,12035,12433
인천터미널,2023-09-21,27336,13504,13832
문학경기장,2023-09-21,10486,5125,5361
선학,2023-09-21,12865,6485,6380
신연수,2023-09-21,12229,6190,6039
원인재,2023-09-21,6500,3504,2996
동춘,2023-09-21,21469,10449,11020
동막,2023-09-21,11334,5972,5362
캠퍼스타운,2023-09-21,13218,6799,6419
테크노파크,2023-09-21,21944,11002,10942
지식정보단지,2023-09-21,10922,5348,5574
인천대입구,2023-09-21,18585,9263,9322
센트럴파크(재외동포청),2023-09-21,8190,4032,4158
국제업무지구,2023-09-21,3739,1885,1854
송도달빛축제공원,2023-09-21,10443,5252,5191
계양,2023-09-22,8454,4258,4196
귤현,2023-09-22,2746,1086,1660
박촌,2023-09-22,8407,4380,4027
임학,2023-09-22,17293,8768,8525
계산,2023-09-22,23122,11714,11408
경인교대입구,2023-09-22,11916,6031,5885
작전,2023-09-22,29405,14992,14413
갈산,2023-09-22,20211,10268,9943
부평구청,2023-09-22,15003,7229,7774
부평시장,2023-09-22,29660,14650,15010
부평,2023-09-22,15008,7464,7544
동수,2023-09-22,8765,4493,4272
부평삼거리,2023-09-22,6273,3211,3062
간석오거리,2023-09-22,23384,12183,11201
인천시청,2023-09-22,12066,6126,5940
예술회관,2023-09-22,26127,12616,13511
인천터미널,2023-09-22,31489,15658,15831
문학경기장,2023-09-22,11653,5608,6045
선학,2023-09-22,13422,6794,6628
신연수,2023-09-22,12440,6367,6073
원인재,2023-09-22,6772,3613,3159
동춘,2023-09-22,22288,10872,11416
동막,2023-09-22,11781,6254,5527
캠퍼스타운,2023-09-22,13733,7239,6494
테크노파크,2023-09-22,23268,11618,11650
지식정보단지,2023-09-22,10795,5258,5537
인천대입구,2023-09-22,18113,9149,8964
센트럴파크(재외동포청),2023-09-22,9121,4464,4657
국제업무지구,2023-09-22,3765,1930,1835
송도달빛축제공원,2023-09-22,11191,5528,5663
계양,2023-09-23,7072,3380,3692
귤현,2023-09-23,1720,744,976
박촌,2023-09-23,5851,3133,2718
임학,2023-09-23,12995,6652,6343
계산,2023-09-23,19610,9816,9794
경인교대입구,2023-09-23,10019,4919,5100
작전,2023-09-23,23661,12134,11527
갈산,2023-09-23,11230,5768,5462
부평구청,2023-09-23,11744,5785,5959
부평시장,2023-09-23,28105,14250,13855
부평,2023-09-23,16609,8446,8163
동수,2023-09-23,6132,3148,2984
부평삼거리,2023-09-23,7030,3464,3566
간석오거리,2023-09-23,17949,9417,8532
인천시청,2023-09-23,8037,4195,3842
예술회관,2023-09-23,18980,8936,10044
인천터미널,2023-09-23,29762,14825,14937
문학경기장,2023-09-23,13489,6511,6978
선학,2023-09-23,10565,5398,5167
신연수,2023-09-23,7240,3782,3458
원인재,2023-09-23,5079,2576,2503
동춘,2023-09-23,17298,8574,8724
동막,2023-09-23,7388,3889,3499
캠퍼스타운,2023-09-23,9512,4950,4562
테크노파크,2023-09-23,20147,9958,10189
지식정보단지,2023-09-23,4775,2445,2330
인천대입구,2023-09-23,13116,6516,6600
센트럴파크(재외동포청),2023-09-23,8940,4338,4602
국제업무지구,2023-09-23,3211,1766,1445
송도달빛축제공원,2023-09-23,25408,12316,13092
계양,2023-09-24,4878,2313,2565
귤현,2023-09-24,1189,568,621
박촌,2023-09-24,4381,2310,2071
임학,2023-09-24,9362,4728,4634
계산,2023-09-24,14448,7173,7275
경인교대입구,2023-09-24,7925,3894,4031
작전,2023-09-24,15915,8048,7867
갈산,2023-09-24,7806,4021,3785
부평구청,2023-09-24,8662,4238,4424
부평시장,2023-09-24,21344,10812,10532
부평,2023-09-24,11719,6259,5460
동수,2023-09-24,4548,2298,2250
부평삼거리,2023-09-24,6376,3188,3188
간석오거리,2023-09-24,12884,6755,6129
인천시청,2023-09-24,5899,3006,2893
예술회관,2023-09-24,12291,6027,6264
인천터미널,2023-09-24,23354,11428,11926
문학경기장,2023-09-24,9144,4464,4680
선학,2023-09-24,8235,4141,4094
신연수,2023-09-24,5418,2762,2656
원인재,2023-09-24,3367,1750,1617
동춘,2023-09-24,10316,5220,5096
동막,2023-09-24,4884,2588,2296
캠퍼스타운,2023-09-24,6943,3399,3544
테크노파크,2023-09-24,15584,7661,7923
지식정보단지,2023-09-24,3102,1537,1565
인천대입구,2023-09-24,11351,5520,5831
센트럴파크(재외동포청),2023-09-24,5822,2933,2889
국제업무지구,2023-09-24,953,490,463
송도달빛축제공원,2023-09-24,6687,3455,3232
계양,2023-09-25,8024,4048,3976
귤현,2023-09-25,2643,1079,1564
박촌,2023-09-25,8002,4209,3793
임학,2023-09-25,16756,8524,8232
계산,2023-09-25,22543,11494,11049
경인교대입구,2023-09-25,11708,5918,5790
작전,2023-09-25,28926,14721,14205
갈산,2023-09-25,19917,10164,9753
부평구청,2023-09-25,13949,6983,6966
부평시장,2023-09-25,28743,14424,14319
부평,2023-09-25,12888,6462,6426
동수,2023-09-25,8841,4505,4336
부평삼거리,2023-09-25,6830,3507,3323
간석오거리,2023-09-25,21727,11436,10291
인천시청,2023-09-25,10935,5530,5405
예술회관,2023-09-25,23773,11799,11974
인천터미널,2023-09-25,26980,13024,13956
문학경기장,2023-09-25,3552,1715,1837
선학,2023-09-25,12314,6149,6165
신연수,2023-09-25,12273,6133,6140
원인재,2023-09-25,6275,3337,2938
동춘,2023-09-25,21247,10371,10876
동막,2023-09-25,10915,5729,5186
캠퍼스타운,2023-09-25,12524,6186,6338
테크노파크,2023-09-25,21204,10577,10627
지식정보단지,2023-09-25,10538,5063,5475
인천대입구,2023-09-25,18016,8927,9089
센트럴파크(재외동포청),2023-09-25,7742,3848,3894
국제업무지구,2023-09-25,3671,1867,1804
송도달빛축제공원,2023-09-25,10035,5065,4970
계양,2023-09-26,7596,3920,3676
귤현,2023-09-26,2556,1015,1541
박촌,2023-09-26,7975,4174,3801
임학,2023-09-26,16225,8140,8085
계산,2023-09-26,20446,10405,10041
경인교대입구,2023-09-26,11227,5743,5484
작전,2023-09-26,27597,13970,13627
갈산,2023-09-26,19612,10003,9609
부평구청,2023-09-26,13535,6726,6809
부평시장,2023-09-26,26983,13526,13457
부평,2023-09-26,12255,6170,6085
동수,2023-09-26,8620,4408,4212
부평삼거리,2023-09-26,5813,2942,2871
간석오거리,2023-09-26,21512,11230,10282
인천시청,2023-09-26,11015,5561,5454
예술회관,2023-09-26,23116,11360,11756
인천터미널,2023-09-26,26117,12657,13460
문학경기장,2023-09-26,3795,1900,1895
선학,2023-09-26,12265,6197,6068
신연수,2023-09-26,11510,5771,5739
원인재,2023-09-26,5991,3224,2767
동춘,2023-09-26,20782,10069,10713
동막,2023-09-26,10898,5727,5171
캠퍼스타운,2023-09-26,12052,6049,6003
테크노파크,2023-09-26,21418,10700,10718
지식정보단지,2023-09-26,10407,5080,5327
인천대입구,2023-09-26,18848,9369,9479
센트럴파크(재외동포청),2023-09-26,7392,3684,3708
국제업무지구,2023-09-26,3590,1784,1806
송도달빛축제공원,2023-09-26,9439,4754,4685
계양,2023-09-27,8155,4112,4043
귤현,2023-09-27,2576,982,1594
박촌,2023-09-27,8158,4288,3870
임학,2023-09-27,17323,8598,8725
계산,2023-09-27,22500,11414,11086
경인교대입구,2023-09-27,12018,6083,5935
작전,2023-09-27,29132,14697,14435
갈산,2023-09-27,19452,9943,9509
부평구청,2023-09-27,14233,7042,7191
부평시장,2023-09-27,29073,14395,14678
부평,2023-09-27,14111,6967,7144
동수,2023-09-27,8599,4450,4149
부평삼거리,2023-09-27,6838,3453,3385
간석오거리,2023-09-27,22387,11752,10635
인천시청,2023-09-27,11248,5787,5461
예술회관,2023-09-27,25060,12049,13011
인천터미널,2023-09-27,35287,16401,18886
문학경기장,2023-09-27,12625,6035,6590
선학,2023-09-27,13164,6722,6442
신연수,2023-09-27,11909,6102,5807
원인재,2023-09-27,5924,3156,2768
동춘,2023-09-27,22401,10673,11728
동막,2023-09-27,10969,5860,5109
캠퍼스타운,2023-09-27,13565,7313,6252
테크노파크,2023-09-27,22234,11247,10987
지식정보단지,2023-09-27,10368,5108,5260
인천대입구,2023-09-27,18335,9491,8844
센트럴파크(재외동포청),2023-09-27,7763,3747,4016
국제업무지구,2023-09-27,3362,1705,1657
송도달빛축제공원,2023-09-27,10178,5018,5160
계양,2023-09-28,4172,1936,2236
귤현,2023-09-28,940,429,511
박촌,2023-09-28,3544,1848,1696
임학,2023-09-28,7811,3885,3926
계산,2023-09-28,10700,5399,5301
경인교대입구,2023-09-28,5876,2979,2897
작전,2023-09-28,12041,6053,5988
갈산,2023-09-28,5710,2970,2740
부평구청,2023-09-28,5989,2922,3067
부평시장,2023-09-28,13363,6652,6711
부평,2023-09-28,8136,3987,4149
동수,2023-09-28,3726,1941,1785
부평삼거리,2023-09-28,9156,4516,4640
간석오거리,2023-09-28,10443,5527,4916
인천시청,2023-09-28,4232,2212,2020
예술회관,2023-09-28,10156,5048,5108
인천터미널,2023-09-28,21574,9415,12159
문학경기장,2023-09-28,906,458,448
선학,2023-09-28,6948,3509,3439
신연수,2023-09-28,4397,2286,2111
원인재,2023-09-28,2299,1223,1076
동춘,2023-09-28,11664,5687,5977
동막,2023-09-28,3882,2020,1862
캠퍼스타운,2023-09-28,5191,2886,2305
테크노파크,2023-09-28,13107,6574,6533
지식정보단지,2023-09-28,2380,1308,1072
인천대입구,2023-09-28,6152,3380,2772
센트럴파크(재외동포청),2023-09-28,5194,2552,2642
국제업무지구,2023-09-28,514,278,236
송도달빛축제공원,2023-09-28,4922,2514,2408
계양,2023-09-29,3440,1574,1866
귤현,2023-09-29,850,411,439
박촌,2023-09-29,3349,1766,1583
임학,2023-09-29,6637,3334,3303
계산,2023-09-29,9924,5021,4903
경인교대입구,2023-09-29,5145,2534,2611
작전,2023-09-29,11141,5646,5495
갈산,2023-09-29,5088,2650,2438
부평구청,2023-09-29,5587,2794,2793
부평시장,2023-09-29,9763,4881,4882
부평,2023-09-29,5788,2798,2990
동수,2023-09-29,3318,1681,1637
부평삼거리,2023-09-29,21995,11101,10894
간석오거리,2023-09-29,9598,5085,4513
인천시청,2023-09-29,3943,2111,1832
예술회관,2023-09-29,8151,3813,4338
인천터미널,2023-09-29,14901,7002,7899
문학경기장,2023-09-29,710,376,334
선학,2023-09-29,6014,2994,3020
신연수,2023-09-29,3938,2053,1885
원인재,2023-09-29,2195,1143,1052
동춘,2023-09-29,9407,4682,4725
동막,2023-09-29,2957,1647,1310
캠퍼스타운,2023-09-29,3676,1886,1790
테크노파크,2023-09-29,6389,3160,3229
지식정보단지,2023-09-29,1732,886,846
인천대입구,2023-09-29,4318,2210,2108
센트럴파크(재외동포청),2023-09-29,4010,1952,2058
국제업무지구,2023-09-29,353,204,149
송도달빛축제공원,2023-09-29,3802,1947,1855
계양,2023-09-30,4342,1987,2355
귤현,2023-09-30,994,454,540
박촌,2023-09-30,3468,1875,1593
임학,2023-09-30,7714,3876,3838
계산,2023-09-30,11013,5509,5504
경인교대입구,2023-09-30,5532,2785,2747
작전,2023-09-30,11949,6183,5766
갈산,2023-09-30,5343,2822,2521
부평구청,2023-09-30,5928,2881,3047
부평시장,2023-09-30,11437,5773,5664
부평,2023-09-30,8472,4233,4239
동수,2023-09-30,3507,1753,1754
부평삼거리,2023-09-30,5975,3025,2950
간석오거리,2023-09-30,10994,5778,5216
인천시청,2023-09-30,4287,2208,2079
예술회관,2023-09-30,10554,4785,5769
인천터미널,2023-09-30,21846,11127,10719
문학경기장,2023-09-30,11853,5827,6026
선학,2023-09-30,6731,3463,3268
신연수,2023-09-30,4146,2205,1941
원인재,2023-09-30,2196,1156,1040
동춘,2023-09-30,10818,5347,5471
동막,2023-09-30,3635,1916,1719
캠퍼스타운,2023-09-30,4882,2512,2370
테크노파크,2023-09-30,14804,7333,7471
지식정보단지,2023-09-30,2337,1168,1169
인천대입구,2023-09-30,5974,2909,3065
센트럴파크(재외동포청),2023-09-30,5762,2799,2963
국제업무지구,2023-09-30,510,286,224
송도달빛축제공원,2023-09-30,5208,2629,2579
계양,2023-10-01,5043,2351,2692
귤현,2023-10-01,1105,518,587
박촌,2023-10-01,4013,2130,1883
임학,2023-10-01,8895,4595,4300
계산,2023-10-01,14012,6892,7120
경인교대입구,2023-10-01,6994,3464,3530
작전,2023-10-01,14213,7417,6796
갈산,2023-10-01,6362,3307,3055
부평구청,2023-10-01,7432,3598,3834
부평시장,2023-10-01,13928,6918,7010
부평,2023-10-01,9737,4897,4840
동수,2023-10-01,4291,2234,2057
부평삼거리,2023-10-01,5305,2688,2617
간석오거리,2023-10-01,12740,6632,6108
인천시청,2023-10-01,5229,2680,2549
예술회관,2023-10-01,12089,5641,6448
인천터미널,2023-10-01,25214,13091,12123
문학경기장,2023-10-01,14496,7093,7403
선학,2023-10-01,8012,4006,4006
신연수,2023-10-01,4728,2480,2248
원인재,2023-10-01,2664,1428,1236
동춘,2023-10-01,12452,6179,6273
동막,2023-10-01,4405,2401,2004
캠퍼스타운,2023-10-01,5881,3004,2877
테크노파크,2023-10-01,16525,8175,8350
지식정보단지,2023-10-01,2638,1309,1329
인천대입구,2023-10-01,7249,3508,3741
센트럴파크(재외동포청),2023-10-01,6928,3318,3610
국제업무지구,2023-10-01,600,326,274
송도달빛축제공원,2023-10-01,6391,3156,3235
계양,2023-10-02,5721,2735,2986
귤현,2023-10-02,1279,595,684
박촌,2023-10-02,4489,2379,2110
임학,2023-10-02,9973,5094,4879
계산,2023-10-02,15489,7709,7780
경인교대입구,2023-10-02,7568,3810,3758
작전,2023-10-02,16330,8339,7991
갈산,2023-10-02,7531,3825,3706
부평구청,2023-10-02,8436,4161,4275
부평시장,2023-10-02,16173,8027,8146
부평,2023-10-02,11506,5821,5685
동수,2023-10-02,5013,2525,2488
부평삼거리,2023-10-02,4999,2466,2533
간석오거리,2023-10-02,13877,7334,6543
인천시청,2023-10-02,5686,2945,2741
예술회관,2023-10-02,14408,6702,7706
인천터미널,2023-10-02,26373,13660,12713
문학경기장,2023-10-02,1896,955,941
선학,2023-10-02,8416,4174,4242
신연수,2023-10-02,5798,2985,2813
원인재,2023-10-02,3107,1627,1480
동춘,2023-10-02,13721,6813,6908
동막,2023-10-02,5229,2723,2506
캠퍼스타운,2023-10-02,7169,3638,3531
테크노파크,2023-10-02,17089,8386,8703
지식정보단지,2023-10-02,3337,1657,1680
인천대입구,2023-10-02,11506,5575,5931
센트럴파크(재외동포청),2023-10-02,7043,3448,3595
국제업무지구,2023-10-02,1047,554,493
송도달빛축제공원,2023-10-02,7285,3676,3609
계양,2023-10-03,4991,2332,2659
귤현,2023-10-03,1229,583,646
박촌,2023-10-03,4194,2248,1946
임학,2023-10-03,8815,4574,4241
계산,2023-10-03,14114,6979,7135
경인교대입구,2023-10-03,6672,3246,3426
작전,2023-10-03,14582,7557,7025
갈산,2023-10-03,7553,3849,3704
부평구청,2023-10-03,7323,3576,3747
부평시장,2023-10-03,14838,7398,7440
부평,2023-10-03,9153,4674,4479
동수,2023-10-03,4063,2101,1962
부평삼거리,2023-10-03,4157,2056,2101
간석오거리,2023-10-03,13088,6792,6296
인천시청,2023-10-03,5105,2615,2490
예술회관,2023-10-03,12134,5899,6235
인천터미널,2023-10-03,24074,12507,11567
문학경기장,2023-10-03,9773,4755,5018
선학,2023-10-03,7615,3785,3830
신연수,2023-10-03,5465,2766,2699
원인재,2023-10-03,2864,1490,1374
동춘,2023-10-03,12055,6098,5957
동막,2023-10-03,4673,2468,2205
캠퍼스타운,2023-10-03,7055,3212,3843
테크노파크,2023-10-03,15118,7424,7694
지식정보단지,2023-10-03,3528,1712,1816
인천대입구,2023-10-03,8453,3973,4480
센트럴파크(재외동포청),2023-10-03,5927,2927,3000
국제업무지구,2023-10-03,1196,638,558
송도달빛축제공원,2023-10-03,6290,3120,3170
계양,2023-10-04,7743,3982,3761
귤현,2023-10-04,2606,1046,1560
박촌,2023-10-04,8044,4187,3857
임학,2023-10-04,16476,8317,8159
계산,2023-10-04,22124,11223,10901
경인교대입구,2023-10-04,11587,5795,5792
작전,2023-10-04,28695,14622,14073
갈산,2023-10-04,19467,9863,9604
부평구청,2023-10-04,13496,6640,6856
부평시장,2023-10-04,27449,13750,13699
부평,2023-10-04,12650,6436,6214
동수,2023-10-04,8822,4457,4365
부평삼거리,2023-10-04,5575,2804,2771
간석오거리,2023-10-04,21893,11410,10483
인천시청,2023-10-04,11326,5754,5572
예술회관,2023-10-04,23843,11819,12024
인천터미널,2023-10-04,26754,13046,13708
문학경기장,2023-10-04,7598,3620,3978
선학,2023-10-04,12424,6196,6228
신연수,2023-10-04,11961,6048,5913
원인재,2023-10-04,5898,3149,2749
동춘,2023-10-04,20179,9841,10338
동막,2023-10-04,10975,5738,5237
캠퍼스타운,2023-10-04,12690,6347,6343
테크노파크,2023-10-04,21134,10554,10580
지식정보단지,2023-10-04,10673,5149,5524
인천대입구,2023-10-04,17918,8925,8993
센트럴파크(재외동포청),2023-10-04,7680,3850,3830
국제업무지구,2023-10-04,3718,1892,1826
송도달빛축제공원,2023-10-04,9915,4971,4944
계양,2023-10-05,8084,4081,4003
귤현,2023-10-05,2608,997,1611
박촌,2023-10-05,8052,4214,3838
임학,2023-10-05,16890,8467,8423
계산,2023-10-05,22561,11409,11152
경인교대입구,2023-10-05,11433,5794,5639
작전,2023-10-05,28906,14546,14360
갈산,2023-10-05,19691,9967,9724
부평구청,2023-10-05,14255,6996,7259
부평시장,2023-10-05,27630,13826,13804
부평,2023-10-05,12995,6476,6519
동수,2023-10-05,8739,4454,4285
부평삼거리,2023-10-05,5499,2757,2742
간석오거리,2023-10-05,22498,11728,10770
인천시청,2023-10-05,11320,5677,5643
예술회관,2023-10-05,23813,11738,12075
인천터미널,2023-10-05,26931,13427,13504
문학경기장,2023-10-05,8276,3959,4317
선학,2023-10-05,12436,6190,6246
신연수,2023-10-05,11908,6004,5904
원인재,2023-10-05,6047,3253,2794
동춘,2023-10-05,21193,10353,10840
동막,2023-10-05,10988,5782,5206
캠퍼스타운,2023-10-05,12693,6576,6117
테크노파크,2023-10-05,21706,10878,10828
지식정보단지,2023-10-05,10704,5251,5453
인천대입구,2023-10-05,18206,9134,9072
센트럴파크(재외동포청),2023-10-05,8621,4233,4388
국제업무지구,2023-10-05,3721,1903,1818
송도달빛축제공원,2023-10-05,10331,5089,5242
계양,2023-10-06,8468,4266,4202
귤현,2023-10-06,2660,1048,1612
박촌,2023-10-06,8257,4347,3910
임학,2023-10-06,17051,8577,8474
계산,2023-10-06,22876,11658,11218
경인교대입구,2023-10-06,11727,5931,5796
작전,2023-10-06,29898,15200,14698
갈산,2023-10-06,19972,10157,9815
부평구청,2023-10-06,15072,7503,7569
부평시장,2023-10-06,28614,14361,14253
부평,2023-10-06,14172,7032,7140
동수,2023-10-06,8794,4481,4313
부평삼거리,2023-10-06,5759,2969,2790
간석오거리,2023-10-06,23110,12167,10943
인천시청,2023-10-06,11956,6089,5867
예술회관,2023-10-06,25304,12162,13142
인천터미널,2023-10-06,30720,15310,15410
문학경기장,2023-10-06,15621,7500,8121
선학,2023-10-06,13341,6703,6638
신연수,2023-10-06,12359,6294,6065
원인재,2023-10-06,6165,3309,2856
동춘,2023-10-06,22239,10888,11351
동막,2023-10-06,11478,6039,5439
캠퍼스타운,2023-10-06,13425,7009,6416
테크노파크,2023-10-06,23028,11561,11467
지식정보단지,2023-10-06,10844,5316,5528
인천대입구,2023-10-06,19204,9449,9755
센트럴파크(재외동포청),2023-10-06,8960,4486,4474
국제업무지구,2023-10-06,3788,1914,1874
송도달빛축제공원,2023-10-06,10998,5523,5475
계양,2023-10-07,6704,3104,3600
귤현,2023-10-07,1571,709,862
박촌,2023-10-07,5758,3077,2681
임학,2023-10-07,12368,6365,6003
계산,2023-10-07,19163,9646,9517
경인교대입구,2023-10-07,9297,4726,4571
작전,2023-10-07,22059,11422,10637
갈산,2023-10-07,9790,5130,4660
부평구청,2023-10-07,10505,5124,5381
부평시장,2023-10-07,19753,10058,9695
부평,2023-10-07,12668,6274,6394
동수,2023-10-07,5676,2909,2767
부평삼거리,2023-10-07,4077,2034,2043
간석오거리,2023-10-07,16536,8710,7826
인천시청,2023-10-07,8120,4188,3932
예술회관,2023-10-07,16800,7958,8842
인천터미널,2023-10-07,28308,13664,14644
문학경기장,2023-10-07,2959,1468,1491
선학,2023-10-07,10592,5314,5278
신연수,2023-10-07,7297,3833,3464
원인재,2023-10-07,4127,2150,1977
동춘,2023-10-07,16047,7989,8058
동막,2023-10-07,6973,3721,3252
캠퍼스타운,2023-10-07,9381,4906,4475
테크노파크,2023-10-07,19241,9514,9727
지식정보단지,2023-10-07,4909,2492,2417
인천대입구,2023-10-07,12067,6178,5889
센트럴파크(재외동포청),2023-10-07,9671,4691,4980
국제업무지구,2023-10-07,1994,1085,909
송도달빛축제공원,2023-10-07,11577,5832,5745
계양,2023-10-08,5075,2324,2751
귤현,2023-10-08,1256,562,694
박촌,2023-10-08,4446,2332,2114
임학,2023-10-08,9178,4686,4492
계산,2023-10-08,15302,7602,7700
경인교대입구,2023-10-08,7542,3873,3669
작전,2023-10-08,15303,7784,7519
갈산,2023-10-08,7034,3631,3403
부평구청,2023-10-08,7926,3812,4114
부평시장,2023-10-08,15254,7707,7547
부평,2023-10-08,9937,5138,4799
동수,2023-10-08,4218,2133,2085
부평삼거리,2023-10-08,3501,1726,1775
간석오거리,2023-10-08,12808,6726,6082
인천시청,2023-10-08,5817,2951,2866
예술회관,2023-10-08,12563,5986,6577
인천터미널,2023-10-08,22449,11129,11320
문학경기장,2023-10-08,1688,887,801
선학,2023-10-08,8191,4069,4122
신연수,2023-10-08,5045,2576,2469
원인재,2023-10-08,2799,1430,1369
동춘,2023-10-08,9885,4887,4998
동막,2023-10-08,5123,2700,2423
캠퍼스타운,2023-10-08,6743,3433,3310
테크노파크,2023-10-08,17279,8537,8742
지식정보단지,2023-10-08,3224,1648,1576
인천대입구,2023-10-08,10075,4966,5109
센트럴파크(재외동포청),2023-10-08,7228,3522,3706
국제업무지구,2023-10-08,970,496,474
송도달빛축제공원,2023-10-08,8806,4417,4389
계양,2023-10-09,5038,2416,2622
귤현,2023-10-09,1211,566,645
박촌,2023-10-09,4376,2282,2094
임학,2023-10-09,9308,4754,4554
계산,2023-10-09,14281,7110,7171
경인교대입구,2023-10-09,7018,3516,3502
작전,2023-10-09,15037,7688,7349
갈산,2023-10-09,7894,4019,3875
부평구청,2023-10-09,7543,3662,3881
부평시장,2023-10-09,15306,7565,7741
부평,2023-10-09,9159,4748,4411
동수,2023-10-09,4317,2225,2092
부평삼거리,2023-10-09,3518,1754,1764
간석오거리,2023-10-09,13363,6945,6418
인천시청,2023-10-09,5520,2840,2680
예술회관,2023-10-09,11747,5710,6037
인천터미널,2023-10-09,22876,11507,11369
문학경기장,2023-10-09,2152,1089,1063
선학,2023-10-09,8002,3937,4065
신연수,2023-10-09,5604,2845,2759
원인재,2023-10-09,2867,1503,1364
동춘,2023-10-09,12582,6229,6353
동막,2023-10-09,5118,2681,2437
캠퍼스타운,2023-10-09,6873,3314,3559
테크노파크,2023-10-09,16174,7886,8288
지식정보단지,2023-10-09,3673,1790,1883
인천대입구,2023-10-09,9217,4492,4725
센트럴파크(재외동포청),2023-10-09,6335,3131,3204
국제업무지구,2023-10-09,1538,780,758
송도달빛축제공원,2023-10-09,6375,3236,3139
계양,2023-10-10,8183,4160,4023
귤현,2023-10-10,2579,1017,1562
박촌,2023-10-10,8113,4244,3869
임학,2023-10-10,17053,8624,8429
계산,2023-10-10,21877,11092,10785
경인교대입구,2023-10-10,11153,5687,5466
작전,2023-10-10,29079,14812,14267
갈산,2023-10-10,20080,10194,9886
부평구청,2023-10-10,14486,7140,7346
부평시장,2023-10-10,27852,13898,13954
부평,2023-10-10,12463,6301,6162
동수,2023-10-10,8790,4474,4316
부평삼거리,2023-10-10,5553,2803,2750
간석오거리,2023-10-10,21996,11527,10469
인천시청,2023-10-10,11410,5756,5654
예술회관,2023-10-10,23675,11642,12033
인천터미널,2023-10-10,26824,13125,13699
문학경기장,2023-10-10,3724,1846,1878
선학,2023-10-10,12385,6204,6181
신연수,2023-10-10,11976,6045,5931
원인재,2023-10-10,5993,3206,2787
동춘,2023-10-10,20294,9864,10430
동막,2023-10-10,11032,5796,5236
캠퍼스타운,2023-10-10,12551,6216,6335
테크노파크,2023-10-10,21408,10622,10786
지식정보단지,2023-10-10,10875,5314,5561
인천대입구,2023-10-10,18232,9057,9175
센트럴파크(재외동포청),2023-10-10,7678,3882,3796
국제업무지구,2023-10-10,3737,1912,1825
송도달빛축제공원,2023-10-10,10267,5142,5125
계양,2023-10-11,8141,4101,4040
귤현,2023-10-11,2746,1094,1652
박촌,2023-10-11,8357,4346,4011
임학,2023-10-11,16978,8564,8414
계산,2023-10-11,23011,11701,11310
경인교대입구,2023-10-11,11119,5588,5531
작전,2023-10-11,29379,14950,14429
갈산,2023-10-11,20085,10203,9882
부평구청,2023-10-11,14502,7169,7333
부평시장,2023-10-11,28201,14138,14063
부평,2023-10-11,12815,6411,6404
동수,2023-10-11,9051,4618,4433
부평삼거리,2023-10-11,5619,2864,2755
간석오거리,2023-10-11,22353,11679,10674
인천시청,2023-10-11,11713,5902,5811
예술회관,2023-10-11,24374,12044,12330
인천터미널,2023-10-11,26706,13142,13564
문학경기장,2023-10-11,3827,1873,1954
선학,2023-10-11,12853,6424,6429
신연수,2023-10-11,12256,6203,6053
원인재,2023-10-11,6217,3341,2876
동춘,2023-10-11,21358,10515,10843
동막,2023-10-11,11367,6047,5320
캠퍼스타운,2023-10-11,12843,6442,6401
테크노파크,2023-10-11,21752,10839,10913
지식정보단지,2023-10-11,11012,5375,5637
인천대입구,2023-10-11,18342,9233,9109
센트럴파크(재외동포청),2023-10-11,8162,4027,4135
국제업무지구,2023-10-11,3802,1922,1880
송도달빛축제공원,2023-10-11,10555,5283,5272
계양,2023-10-12,8324,4206,4118
귤현,2023-10-12,2719,1056,1663
박촌,2023-10-12,8250,4332,3918
임학,2023-10-12,17209,8621,8588
계산,2023-10-12,22909,11575,11334
경인교대입구,2023-10-12,11286,5717,5569
작전,2023-10-12,29527,14889,14638
갈산,2023-10-12,20153,10206,9947
부평구청,2023-10-12,14592,7175,7417
부평시장,2023-10-12,27516,13824,13692
부평,2023-10-12,12969,6479,6490
동수,2023-10-12,8955,4515,4440
부평삼거리,2023-10-12,5642,2813,2829
간석오거리,2023-10-12,22637,11833,10804
인천시청,2023-10-12,11741,5947,5794
예술회관,2023-10-12,23823,11656,12167
인천터미널,2023-10-12,27402,13620,13782
문학경기장,2023-10-12,3757,1891,1866
선학,2023-10-12,12562,6271,6291
신연수,2023-10-12,12328,6267,6061
원인재,2023-10-12,6476,3431,3045
동춘,2023-10-12,21066,10335,10731
동막,2023-10-12,11661,6121,5540
캠퍼스타운,2023-10-12,13102,6757,6345
테크노파크,2023-10-12,21758,10852,10906
지식정보단지,2023-10-12,10835,5300,5535
인천대입구,2023-10-12,20717,10201,10516
센트럴파크(재외동포청),2023-10-12,9020,4616,4404
국제업무지구,2023-10-12,3877,1992,1885
송도달빛축제공원,2023-10-12,10570,5274,5296
계양,2023-10-13,8935,4446,4489
귤현,2023-10-13,2724,1072,1652
박촌,2023-10-13,8400,4444,3956
임학,2023-10-13,17665,8890,8775
계산,2023-10-13,23529,12048,11481
경인교대입구,2023-10-13,11681,5811,5870
작전,2023-10-13,30063,15333,14730
갈산,2023-10-13,20233,10299,9934
부평구청,2023-10-13,14729,7172,7557
부평시장,2023-10-13,28843,14406,14437
부평,2023-10-13,14113,6944,7169
동수,2023-10-13,8698,4473,4225
부평삼거리,2023-10-13,5713,2884,2829
간석오거리,2023-10-13,23200,12219,10981
인천시청,2023-10-13,11744,5913,5831
예술회관,2023-10-13,25672,12150,13522
인천터미널,2023-10-13,31174,15334,15840
문학경기장,2023-10-13,15593,7309,8284
선학,2023-10-13,13778,6956,6822
신연수,2023-10-13,12202,6262,5940
원인재,2023-10-13,6551,3478,3073
동춘,2023-10-13,22200,10857,11343
동막,2023-10-13,11787,6251,5536
캠퍼스타운,2023-10-13,13593,7106,6487
테크노파크,2023-10-13,23393,11634,11759
지식정보단지,2023-10-13,11115,5543,5572
인천대입구,2023-10-13,20266,10476,9790
센트럴파크(재외동포청),2023-10-13,9585,4665,4920
국제업무지구,2023-10-13,3846,1967,1879
송도달빛축제공원,2023-10-13,11203,5680,5523
계양,2023-10-14,5933,2864,3069
귤현,2023-10-14,1632,785,847
박촌,2023-10-14,5526,2912,2614
임학,2023-10-14,11905,6075,5830
계산,2023-10-14,18248,9146,9102
경인교대입구,2023-10-14,9001,4512,4489
작전,2023-10-14,22468,11564,10904
갈산,2023-10-14,10437,5452,4985
부평구청,2023-10-14,10246,5038,5208
부평시장,2023-10-14,19248,9619,9629
부평,2023-10-14,12603,6310,6293
동수,2023-10-14,5515,2847,2668
부평삼거리,2023-10-14,3777,1872,1905
간석오거리,2023-10-14,16603,8708,7895
인천시청,2023-10-14,7402,3808,3594
예술회관,2023-10-14,16800,7940,8860
인천터미널,2023-10-14,27010,13066,13944
문학경기장,2023-10-14,3918,1950,1968
선학,2023-10-14,10071,5126,4945
신연수,2023-10-14,6565,3442,3123
원인재,2023-10-14,4356,2312,2044
동춘,2023-10-14,15332,7552,7780
동막,2023-10-14,7124,3740,3384
캠퍼스타운,2023-10-14,8433,4462,3971
테크노파크,2023-10-14,18910,9377,9533
지식정보단지,2023-10-14,4496,2310,2186
인천대입구,2023-10-14,11533,5782,5751
센트럴파크(재외동포청),2023-10-14,8514,4125,4389
국제업무지구,2023-10-14,1768,940,828
송도달빛축제공원,2023-10-14,8018,4063,3955
계양,2023-10-15,5254,2442,2812
귤현,2023-10-15,1238,585,653
박촌,2023-10-15,4347,2232,2115
임학,2023-10-15,9616,4874,4742
계산,2023-10-15,15634,7746,7888
경인교대입구,2023-10-15,7487,3727,3760
작전,2023-10-15,15452,7943,7509
갈산,2023-10-15,6812,3516,3296
부평구청,2023-10-15,7794,3821,3973
부평시장,2023-10-15,15254,7589,7665
부평,2023-10-15,9569,4983,4586
동수,2023-10-15,4315,2209,2106
부평삼거리,2023-10-15,3645,1800,1845
간석오거리,2023-10-15,12924,6792,6132
인천시청,2023-10-15,5988,3068,2920
예술회관,2023-10-15,11874,5855,6019
인천터미널,2023-10-15,22821,11504,11317
문학경기장,2023-10-15,2498,1249,1249
선학,2023-10-15,8598,4251,4347
신연수,2023-10-15,5017,2513,2504
원인재,2023-10-15,3136,1668,1468
동춘,2023-10-15,11876,5873,6003
동막,2023-10-15,4795,2526,2269
캠퍼스타운,2023-10-15,6680,3294,3386
테크노파크,2023-10-15,15458,7577,7881
지식정보단지,2023-10-15,3130,1534,1596
인천대입구,2023-10-15,8892,4231,4661
센트럴파크(재외동포청),2023-10-15,7593,3708,3885
국제업무지구,2023-10-15,698,370,328
송도달빛축제공원,2023-10-15,6813,3367,3446
계양,2023-10-16,7948,3996,3952
귤현,2023-10-16,2511,1013,1498
박촌,2023-10-16,8014,4271,3743
임학,2023-10-16,16732,8453,8279
계산,2023-10-16,22225,11356,10869
경인교대입구,2023-10-16,11490,5744,5746
작전,2023-10-16,28724,14660,14064
갈산,2023-10-16,19584,9866,9718
부평구청,2023-10-16,13801,6815,6986
부평시장,2023-10-16,26888,13587,13301
부평,2023-10-16,12313,6172,6141
동수,2023-10-16,8546,4386,4160
부평삼거리,2023-10-16,5427,2733,2694
간석오거리,2023-10-16,21775,11440,10335
인천시청,2023-10-16,11296,5786,5510
예술회관,2023-10-16,23195,11372,11823
인천터미널,2023-10-16,24348,11876,12472
문학경기장,2023-10-16,3476,1747,1729
선학,2023-10-16,11940,5951,5989
신연수,2023-10-16,11956,6009,5947
원인재,2023-10-16,6127,3272,2855
동춘,2023-10-16,20452,9973,10479
동막,2023-10-16,10912,5809,5103
캠퍼스타운,2023-10-16,12640,6312,6328
테크노파크,2023-10-16,21235,10538,10697
지식정보단지,2023-10-16,10681,5216,5465
인천대입구,2023-10-16,17577,8677,8900
센트럴파크(재외동포청),2023-10-16,7754,3902,3852
국제업무지구,2023-10-16,3740,1881,1859
송도달빛축제공원,2023-10-16,10326,5232,5094
계양,2023-10-17,8516,4306,4210
귤현,2023-10-17,2696,1028,1668
박촌,2023-10-17,8143,4262,3881
임학,2023-10-17,16851,8487,8364
계산,2023-10-17,22127,11238,10889
경인교대입구,2023-10-17,11871,5983,5888
작전,2023-10-17,29420,14912,14508
갈산,2023-10-17,20103,10292,9811
부평구청,2023-10-17,14212,6938,7274
부평시장,2023-10-17,28082,14131,13951
부평,2023-10-17,12452,6233,6219
동수,2023-10-17,8743,4412,4331
부평삼거리,2023-10-17,5754,2943,2811
간석오거리,2023-10-17,22894,11953,10941
인천시청,2023-10-17,12079,6177,5902
예술회관,2023-10-17,23637,11613,12024
인천터미널,2023-10-17,26813,13035,13778
문학경기장,2023-10-17,18582,8467,10115
선학,2023-10-17,12728,6390,6338
신연수,2023-10-17,12451,6320,6131
원인재,2023-10-17,6197,3305,2892
동춘,2023-10-17,21263,10385,10878
동막,2023-10-17,11208,6016,5192
캠퍼스타운,2023-10-17,12727,6422,6305
테크노파크,2023-10-17,21810,10945,10865
지식정보단지,2023-10-17,11109,5440,5669
인천대입구,2023-10-17,18375,9209,9166
센트럴파크(재외동포청),2023-10-17,8446,4196,4250
국제업무지구,2023-10-17,3772,1906,1866
송도달빛축제공원,2023-10-17,10711,5255,5456
계양,2023-10-18,8152,4070,4082
귤현,2023-10-18,2604,1018,1586
박촌,2023-10-18,8497,4376,4121
임학,2023-10-18,16912,8506,8406
계산,2023-10-18,22513,11380,11133
경인교대입구,2023-10-18,11560,5796,5764
작전,2023-10-18,29366,14924,14442
갈산,2023-10-18,20344,10375,9969
부평구청,2023-10-18,14797,7327,7470
부평시장,2023-10-18,27874,13933,13941
부평,2023-10-18,13035,6566,6469
동수,2023-10-18,9004,4570,4434
부평삼거리,2023-10-18,5620,2837,2783
간석오거리,2023-10-18,22824,11945,10879
인천시청,2023-10-18,11681,5862,5819
예술회관,2023-10-18,24074,11778,12296
인천터미널,2023-10-18,26971,13391,13580
문학경기장,2023-10-18,3618,1796,1822
선학,2023-10-18,12755,6357,6398
신연수,2023-10-18,12462,6353,6109
원인재,2023-10-18,6272,3279,2993
동춘,2023-10-18,21544,10536,11008
동막,2023-10-18,11613,6160,5453
캠퍼스타운,2023-10-18,12930,6503,6427
테크노파크,2023-10-18,21952,10979,10973
지식정보단지,2023-10-18,11175,5364,5811
인천대입구,2023-10-18,18924,9572,9352
센트럴파크(재외동포청),2023-10-18,8361,4133,4228
국제업무지구,2023-10-18,3786,1932,1854
송도달빛축제공원,2023-10-18,10935,5459,5476
계양,2023-10-19,7859,3979,3880
귤현,2023-10-19,2590,984,1606
박촌,2023-10-19,7921,4139,3782
임학,2023-10-19,16490,8332,8158
계산,2023-10-19,21547,10953,10594
경인교대입구,2023-10-19,11527,5765,5762
작전,2023-10-19,28519,14480,14039
갈산,2023-10-19,19712,9914,9798
부평구청,2023-10-19,14207,6957,7250
부평시장,2023-10-19,26787,13466,13321
부평,2023-10-19,12743,6421,6322
동수,2023-10-19,8272,4237,4035
부평삼거리,2023-10-19,5376,2724,2652
간석오거리,2023-10-19,21887,11389,10498
인천시청,2023-10-19,10986,5512,5474
예술회관,2023-10-19,23080,11274,11806
인천터미널,2023-10-19,26146,13166,12980
문학경기장,2023-10-19,3532,1848,1684
선학,2023-10-19,12323,6184,6139
신연수,2023-10-19,11656,5924,5732
원인재,2023-10-19,5748,3071,2677
동춘,2023-10-19,20266,9765,10501
동막,2023-10-19,10965,5730,5235
캠퍼스타운,2023-10-19,12048,6179,5869
테크노파크,2023-10-19,21029,10465,10564
지식정보단지,2023-10-19,10721,5213,5508
인천대입구,2023-10-19,18481,9270,9211
센트럴파크(재외동포청),2023-10-19,7961,3958,4003
국제업무지구,2023-10-19,3853,1957,1896
송도달빛축제공원,2023-10-19,10012,4971,5041
계양,2023-10-20,8369,4172,4197
귤현,2023-10-20,2593,1050,1543
박촌,2023-10-20,8477,4437,4040
임학,2023-10-20,17691,8849,8842
계산,2023-10-20,23492,11960,11532
경인교대입구,2023-10-20,12070,6140,5930
작전,2023-10-20,30254,15425,14829
갈산,2023-10-20,20053,10211,9842
부평구청,2023-10-20,14833,7288,7545
부평시장,2023-10-20,29010,14486,14524
부평,2023-10-20,14657,7303,7354
동수,2023-10-20,8611,4438,4173
부평삼거리,2023-10-20,5559,2809,2750
간석오거리,2023-10-20,22903,11965,10938
인천시청,2023-10-20,12111,6202,5909
예술회관,2023-10-20,25201,12131,13070
인천터미널,2023-10-20,31603,15426,16177
문학경기장,2023-10-20,3652,1859,1793
선학,2023-10-20,13372,6749,6623
신연수,2023-10-20,12255,6295,5960
원인재,2023-10-20,6281,3338,2943
동춘,2023-10-20,22482,10831,11651
동막,2023-10-20,11643,6197,5446
캠퍼스타운,2023-10-20,13271,6726,6545
테크노파크,2023-10-20,23787,12063,11724
지식정보단지,2023-10-20,11161,5481,5680
인천대입구,2023-10-20,18063,9148,8915
센트럴파크(재외동포청),2023-10-20,9101,4453,4648
국제업무지구,2023-10-20,3877,1984,1893
송도달빛축제공원,2023-10-20,11288,5622,5666
계양,2023-10-21,6781,3189,3592
귤현,2023-10-21,1671,776,895
박촌,2023-10-21,5836,3136,2700
임학,2023-10-21,12403,6409,5994
계산,2023-10-21,19470,9639,9831
경인교대입구,2023-10-21,9485,4778,4707
작전,2023-10-21,22927,11831,11096
갈산,2023-10-21,10222,5302,4920
부평구청,2023-10-21,10839,5279,5560
부평시장,2023-10-21,19625,9842,9783
부평,2023-10-21,13870,6823,7047
동수,2023-10-21,5804,2991,2813
부평삼거리,2023-10-21,4240,2144,2096
간석오거리,2023-10-21,17185,8998,8187
인천시청,2023-10-21,8316,4273,4043
예술회관,2023-10-21,17363,8157,9206
인천터미널,2023-10-21,28372,13836,14536
문학경기장,2023-10-21,3311,1581,1730
선학,2023-10-21,10735,5412,5323
신연수,2023-10-21,6834,3588,3246
원인재,2023-10-21,4159,2182,1977
동춘,2023-10-21,17178,8456,8722
동막,2023-10-21,7215,3756,3459
캠퍼스타운,2023-10-21,9076,4748,4328
테크노파크,2023-10-21,20276,10078,10198
지식정보단지,2023-10-21,4738,2392,2346
인천대입구,2023-10-21,12518,6307,6211
센트럴파크(재외동포청),2023-10-21,10252,5080,5172
국제업무지구,2023-10-21,1934,1008,926
송도달빛축제공원,2023-10-21,8612,4384,4228
계양,2023-10-22,5247,2414,2833
귤현,2023-10-22,1209,573,636
박촌,2023-10-22,4330,2276,2054
임학,2023-10-22,9469,4748,4721
계산,2023-10-22,14839,7334,7505
경인교대입구,2023-10-22,7583,3721,3862
작전,2023-10-22,15473,7967,7506
갈산,2023-10-22,7295,3805,3490
부평구청,2023-10-22,7885,3840,4045
부평시장,2023-10-22,15118,7561,7557
부평,2023-10-22,9786,5093,4693
동수,2023-10-22,4414,2220,2194
부평삼거리,2023-10-22,3455,1707,1748
간석오거리,2023-10-22,13079,6823,6256
인천시청,2023-10-22,6111,3107,3004
예술회관,2023-10-22,12048,5966,6082
인천터미널,2023-10-22,25026,12793,12233
문학경기장,2023-10-22,18276,8679,9597
선학,2023-10-22,8465,4286,4179
신연수,2023-10-22,5070,2594,2476
원인재,2023-10-22,3177,1690,1487
동춘,2023-10-22,11086,5600,5486
동막,2023-10-22,4956,2558,2398
캠퍼스타운,2023-10-22,6727,3327,3400
테크노파크,2023-10-22,15744,7721,8023
지식정보단지,2023-10-22,3116,1531,1585
인천대입구,2023-10-22,8004,3872,4132
센트럴파크(재외동포청),2023-10-22,6874,3379,3495
국제업무지구,2023-10-22,780,401,379
송도달빛축제공원,2023-10-22,6569,3249,3320
계양,2023-10-23,8154,4076,4078
귤현,2023-10-23,2579,1000,1579
박촌,2023-10-23,7988,4247,3741
임학,2023-10-23,16717,8459,8258
계산,2023-10-23,22548,11569,10979
경인교대입구,2023-10-23,11390,5690,5700
작전,2023-10-23,28942,14746,14196
갈산,2023-10-23,20011,10207,9804
부평구청,2023-10-23,13863,6807,7056
부평시장,2023-10-23,27589,13812,13777
부평,2023-10-23,12785,6397,6388
동수,2023-10-23,8689,4436,4253
부평삼거리,2023-10-23,5529,2783,2746
간석오거리,2023-10-23,22263,11600,10663
인천시청,2023-10-23,11829,6009,5820
예술회관,2023-10-23,23797,11728,12069
인천터미널,2023-10-23,27057,13171,13886
문학경기장,2023-10-23,19825,9031,10794
선학,2023-10-23,12597,6401,6196
신연수,2023-10-23,12281,6242,6039
원인재,2023-10-23,6235,3325,2910
동춘,2023-10-23,21158,10333,10825
동막,2023-10-23,11054,5874,5180
캠퍼스타운,2023-10-23,12677,6315,6362
테크노파크,2023-10-23,21302,10665,10637
지식정보단지,2023-10-23,10828,5284,5544
인천대입구,2023-10-23,17410,8633,8777
센트럴파크(재외동포청),2023-10-23,7810,3954,3856
국제업무지구,2023-10-23,3716,1908,1808
송도달빛축제공원,2023-10-23,10311,5165,5146
계양,2023-10-24,7941,4006,3935
귤현,2023-10-24,2663,1026,1637
박촌,2023-10-24,8049,4250,3799
임학,2023-10-24,16653,8435,8218
계산,2023-10-24,21360,10801,10559
경인교대입구,2023-10-24,11366,5702,5664
작전,2023-10-24,28953,14630,14323
갈산,2023-10-24,19941,10127,9814
부평구청,2023-10-24,13968,6831,7137
부평시장,2023-10-24,27443,13794,13649
부평,2023-10-24,11815,5875,5940
동수,2023-10-24,8777,4432,4345
부평삼거리,2023-10-24,5467,2785,2682
간석오거리,2023-10-24,22106,11558,10548
인천시청,2023-10-24,11094,5594,5500
예술회관,2023-10-24,23624,11551,12073
인천터미널,2023-10-24,26148,12829,13319
문학경기장,2023-10-24,3663,1834,1829
선학,2023-10-24,12664,6361,6303
신연수,2023-10-24,12147,6189,5958
원인재,2023-10-24,6203,3294,2909
동춘,2023-10-24,20634,10098,10536
동막,2023-10-24,11105,5870,5235
캠퍼스타운,2023-10-24,11902,5966,5936
테크노파크,2023-10-24,21097,10515,10582
지식정보단지,2023-10-24,10838,5332,5506
인천대입구,2023-10-24,18443,9364,9079
센트럴파크(재외동포청),2023-10-24,8195,4107,4088
국제업무지구,2023-10-24,3901,1976,1925
송도달빛축제공원,2023-10-24,10309,5160,5149
계양,2023-10-25,8034,4053,3981
귤현,2023-10-25,2644,1011,1633
박촌,2023-10-25,8476,4411,4065
임학,2023-10-25,17131,8672,8459
계산,2023-10-25,22873,11590,11283
경인교대입구,2023-10-25,11852,5968,5884
작전,2023-10-25,29565,14952,14613
갈산,2023-10-25,20542,10436,10106
부평구청,2023-10-25,14473,7141,7332
부평시장,2023-10-25,28455,14278,14177
부평,2023-10-25,13050,6545,6505
동수,2023-10-25,8854,4546,4308
부평삼거리,2023-10-25,5545,2797,2748
간석오거리,2023-10-25,22236,11613,10623
인천시청,2023-10-25,11866,5951,5915
예술회관,2023-10-25,24491,11978,12513
인천터미널,2023-10-25,27210,13189,14021
문학경기장,2023-10-25,3740,1873,1867
선학,2023-10-25,13068,6543,6525
신연수,2023-10-25,12299,6280,6019
원인재,2023-10-25,6348,3306,3042
동춘,2023-10-25,21189,10249,10940
동막,2023-10-25,11360,6063,5297
캠퍼스타운,2023-10-25,12672,6453,6219
테크노파크,2023-10-25,22002,10985,11017
지식정보단지,2023-10-25,10897,5352,5545
인천대입구,2023-10-25,17705,8979,8726
센트럴파크(재외동포청),2023-10-25,8687,4315,4372
국제업무지구,2023-10-25,3825,1909,1916
송도달빛축제공원,2023-10-25,10744,5326,5418
계양,2023-10-26,8139,4083,4056
귤현,2023-10-26,2552,997,1555
박촌,2023-10-26,8090,4257,3833
임학,2023-10-26,16651,8402,8249
계산,2023-10-26,22922,11672,11250
경인교대입구,2023-10-26,11698,5919,5779
작전,2023-10-26,28766,14596,14170
갈산,2023-10-26,20149,10222,9927
부평구청,2023-10-26,14332,7009,7323
부평시장,2023-10-26,27802,13880,13922
부평,2023-10-26,12590,6318,6272
동수,2023-10-26,8455,4303,4152
부평삼거리,2023-10-26,5455,2741,2714
간석오거리,2023-10-26,22330,11691,10639
인천시청,2023-10-26,11515,5798,5717
예술회관,2023-10-26,23779,11533,12246
인천터미널,2023-10-26,27298,13653,13645
문학경기장,2023-10-26,3745,1893,1852
선학,2023-10-26,12783,6392,6391
신연수,2023-10-26,12167,6184,5983
원인재,2023-10-26,6282,3388,2894
동춘,2023-10-26,21701,10533,11168
동막,2023-10-26,11189,5897,5292
캠퍼스타운,2023-10-26,12694,6436,6258
테크노파크,2023-10-26,21825,10949,10876
지식정보단지,2023-10-26,10795,5259,5536
인천대입구,2023-10-26,18073,9114,8959
센트럴파크(재외동포청),2023-10-26,8712,4319,4393
국제업무지구,2023-10-26,3947,2014,1933
송도달빛축제공원,2023-10-26,10699,5292,5407
계양,2023-10-27,8264,4159,4105
귤현,2023-10-27,2726,1091,1635
박촌,2023-10-27,8462,4437,4025
임학,2023-10-27,17157,8563,8594
계산,2023-10-27,23129,11841,11288
경인교대입구,2023-10-27,12114,6114,6000
작전,2023-10-27,29857,15137,14720
갈산,2023-10-27,20231,10316,9915
부평구청,2023-10-27,14592,7183,7409
부평시장,2023-10-27,28967,14430,14537
부평,2023-10-27,14295,7082,7213
동수,2023-10-27,8709,4478,4231
부평삼거리,2023-10-27,5617,2868,2749
간석오거리,2023-10-27,22589,11902,10687
인천시청,2023-10-27,11938,6063,5875
예술회관,2023-10-27,25297,12121,13176
인천터미널,2023-10-27,32079,15607,16472
문학경기장,2023-10-27,4055,2037,2018
선학,2023-10-27,13178,6686,6492
신연수,2023-10-27,12238,6347,5891
원인재,2023-10-27,6530,3443,3087
동춘,2023-10-27,22024,10722,11302
동막,2023-10-27,11728,6308,5420
캠퍼스타운,2023-10-27,14445,7559,6886
테크노파크,2023-10-27,24065,12144,11921
지식정보단지,2023-10-27,10863,5405,5458
인천대입구,2023-10-27,17738,9037,8701
센트럴파크(재외동포청),2023-10-27,9558,4667,4891
국제업무지구,2023-10-27,3847,1946,1901
송도달빛축제공원,2023-10-27,11123,5629,5494
계양,2023-10-28,6718,3269,3449
귤현,2023-10-28,1694,727,967
박촌,2023-10-28,5891,3144,2747
임학,2023-10-28,12780,6538,6242
계산,2023-10-28,20940,10405,10535
경인교대입구,2023-10-28,9687,4895,4792
작전,2023-10-28,23232,11985,11247
갈산,2023-10-28,10871,5640,5231
부평구청,2023-10-28,10790,5367,5423
부평시장,2023-10-28,20147,10189,9958
부평,2023-10-28,13618,6663,6955
동수,2023-10-28,5760,2982,2778
부평삼거리,2023-10-28,4372,2197,2175
간석오거리,2023-10-28,16930,8981,7949
인천시청,2023-10-28,8517,4327,4190
예술회관,2023-10-28,18435,8721,9714
인천터미널,2023-10-28,29099,14257,14842
문학경기장,2023-10-28,3314,1624,1690
선학,2023-10-28,11341,5646,5695
신연수,2023-10-28,6779,3637,3142
원인재,2023-10-28,4247,2251,1996
동춘,2023-10-28,16725,8243,8482
동막,2023-10-28,7223,3828,3395
캠퍼스타운,2023-10-28,9655,5073,4582
테크노파크,2023-10-28,20344,10094,10250
지식정보단지,2023-10-28,4957,2575,2382
인천대입구,2023-10-28,14256,7199,7057
센트럴파크(재외동포청),2023-10-28,9657,4762,4895
국제업무지구,2023-10-28,1909,1000,909
송도달빛축제공원,2023-10-28,8888,4485,4403
계양,2023-10-29,5139,2382,2757
귤현,2023-10-29,1152,520,632
박촌,2023-10-29,4412,2289,2123
임학,2023-10-29,9258,4654,4604
계산,2023-10-29,15202,7497,7705
경인교대입구,2023-10-29,7627,3775,3852
작전,2023-10-29,15608,7951,7657
갈산,2023-10-29,7047,3646,3401
부평구청,2023-10-29,7748,3827,3921
부평시장,2023-10-29,15487,7664,7823
부평,2023-10-29,9422,4930,4492
동수,2023-10-29,4451,2261,2190
부평삼거리,2023-10-29,3474,1746,1728
간석오거리,2023-10-29,12634,6536,6098
인천시청,2023-10-29,5977,3062,2915
예술회관,2023-10-29,12175,5904,6271
인천터미널,2023-10-29,23710,11976,11734
문학경기장,2023-10-29,2027,1011,1016
선학,2023-10-29,8473,4130,4343
신연수,2023-10-29,4920,2458,2462
원인재,2023-10-29,2858,1517,1341
동춘,2023-10-29,11703,5834,5869
동막,2023-10-29,4877,2513,2364
캠퍼스타운,2023-10-29,7068,3359,3709
테크노파크,2023-10-29,16177,7996,8181
지식정보단지,2023-10-29,3171,1568,1603
인천대입구,2023-10-29,10103,4888,5215
센트럴파크(재외동포청),2023-10-29,7028,3417,3611
국제업무지구,2023-10-29,784,382,402
송도달빛축제공원,2023-10-29,6931,3468,3463
계양,2023-10-30,8025,4057,3968
귤현,2023-10-30,2594,1039,1555
박촌,2023-10-30,7929,4186,3743
임학,2023-10-30,16554,8399,8155
계산,2023-10-30,22040,11254,10786
경인교대입구,2023-10-30,11482,5746,5736
작전,2023-10-30,29010,14716,14294
갈산,2023-10-30,19728,9955,9773
부평구청,2023-10-30,13712,6699,7013
부평시장,2023-10-30,27392,13804,13588
부평,2023-10-30,12443,6226,6217
동수,2023-10-30,8749,4449,4300
부평삼거리,2023-10-30,5573,2809,2764
간석오거리,2023-10-30,21792,11409,10383
인천시청,2023-10-30,11023,5583,5440
예술회관,2023-10-30,23277,11492,11785
인천터미널,2023-10-30,26739,13003,13736
문학경기장,2023-10-30,3587,1784,1803
선학,2023-10-30,12271,6139,6132
신연수,2023-10-30,12158,6147,6011
원인재,2023-10-30,6118,3260,2858
동춘,2023-10-30,20292,9882,10410
동막,2023-10-30,10693,5716,4977
캠퍼스타운,2023-10-30,12604,6226,6378
테크노파크,2023-10-30,20973,10450,10523
지식정보단지,2023-10-30,10947,5279,5668
인천대입구,2023-10-30,17928,8911,9017
센트럴파크(재외동포청),2023-10-30,7756,3931,3825
국제업무지구,2023-10-30,3827,1939,1888
송도달빛축제공원,2023-10-30,10312,5196,5116
계양,2023-10-31,8101,4030,4071
귤현,2023-10-31,2653,1029,1624
박촌,2023-10-31,8318,4426,3892
임학,2023-10-31,16803,8486,8317
계산,2023-10-31,21816,11082,10734
경인교대입구,2023-10-31,11704,5945,5759
작전,2023-10-31,28833,14716,14117
갈산,2023-10-31,20166,10234,9932
부평구청,2023-10-31,14405,7073,7332
부평시장,2023-10-31,27787,14017,13770
부평,2023-10-31,12638,6358,6280
동수,2023-10-31,8658,4426,4232
부평삼거리,2023-10-31,5576,2778,2798
간석오거리,2023-10-31,22110,11527,10583
인천시청,2023-10-31,11446,5773,5673
예술회관,2023-10-31,23522,11494,12028
인천터미널,2023-10-31,26283,12842,13441
문학경기장,2023-10-31,3668,1816,1852
선학,2023-10-31,12562,6329,6233
신연수,2023-10-31,12068,6082,5986
원인재,2023-10-31,6173,3288,2885
동춘,2023-10-31,20554,10035,10519
동막,2023-10-31,11152,5946,5206
캠퍼스타운,2023-10-31,12565,6307,6258
테크노파크,2023-10-31,21237,10609,10628
지식정보단지,2023-10-31,11107,5462,5645
인천대입구,2023-10-31,18820,9348,9472
센트럴파크(재외동포청),2023-10-31,7977,4084,3893
국제업무지구,2023-10-31,3916,2006,1910
송도달빛축제공원,2023-10-31,10404,5181,5223
계양,2023-11-01,7770,3941,3829
귤현,2023-11-01,2651,1041,1610
박촌,2023-11-01,7964,4129,3835
임학,2023-11-01,16272,8196,8076
계산,2023-11-01,21571,10914,10657
경인교대입구,2023-11-01,11423,5789,5634
작전,2023-11-01,28204,14302,13902
갈산,2023-11-01,19919,10098,9821
부평구청,2023-11-01,13939,6780,7159
부평시장,2023-11-01,27092,13572,13520
부평,2023-11-01,12426,6150,6276
동수,2023-11-01,8643,4383,4260
부평삼거리,2023-11-01,5426,2738,2688
간석오거리,2023-11-01,21694,11327,10367
인천시청,2023-11-01,11094,5579,5515
예술회관,2023-11-01,23464,11424,12040
인천터미널,2023-11-01,25320,12583,12737
문학경기장,2023-11-01,4037,1982,2055
선학,2023-11-01,12560,6329,6231
신연수,2023-11-01,12141,6177,5964
원인재,2023-11-01,6034,3206,2828
동춘,2023-11-01,20832,10285,10547
동막,2023-11-01,11222,5938,5284
캠퍼스타운,2023-11-01,12687,6436,6251
테크노파크,2023-11-01,21403,10689,10714
지식정보단지,2023-11-01,11088,5439,5649
인천대입구,2023-11-01,18714,9221,9493
센트럴파크(재외동포청),2023-11-01,7736,3871,3865
국제업무지구,2023-11-01,3879,1983,1896
송도달빛축제공원,2023-11-01,10191,5109,5082
계양,2023-11-02,8338,4217,4121
귤현,2023-11-02,2672,1021,1651
박촌,2023-11-02,8124,4229,3895
임학,2023-11-02,16613,8449,8164
계산,2023-11-02,22348,11358,10990
경인교대입구,2023-11-02,11725,5919,5806
작전,2023-11-02,28887,14595,14292
갈산,2023-11-02,19946,10072,9874
부평구청,2023-11-02,14062,6967,7095
부평시장,2023-11-02,27897,13927,13970
부평,2023-11-02,12725,6317,6408
동수,2023-11-02,8664,4392,4272
부평삼거리,2023-11-02,5638,2873,2765
간석오거리,2023-11-02,22119,11594,10525
인천시청,2023-11-02,11959,6039,5920
예술회관,2023-11-02,23671,11610,12061
인천터미널,2023-11-02,26757,13394,13363
문학경기장,2023-11-02,3805,1931,1874
선학,2023-11-02,12807,6493,6314
신연수,2023-11-02,12441,6324,6117
원인재,2023-11-02,6252,3367,2885
동춘,2023-11-02,20725,10087,10638
동막,2023-11-02,11017,5819,5198
캠퍼스타운,2023-11-02,13218,6853,6365
테크노파크,2023-11-02,22027,11006,11021
지식정보단지,2023-11-02,10899,5335,5564
인천대입구,2023-11-02,18676,9456,9220
센트럴파크(재외동포청),2023-11-02,8515,4175,4340
국제업무지구,2023-11-02,3907,1974,1933
송도달빛축제공원,2023-11-02,10774,5348,5426
계양,2023-11-03,7962,3953,4009
귤현,2023-11-03,2623,1037,1586
박촌,2023-11-03,8082,4203,3879
임학,2023-11-03,16565,8347,8218
계산,2023-11-03,21760,11010,10750
경인교대입구,2023-11-03,11396,5779,5617
작전,2023-11-03,28996,14830,14166
갈산,2023-11-03,19664,10051,9613
부평구청,2023-11-03,14113,6993,7120
부평시장,2023-11-03,27540,13688,13852
부평,2023-11-03,13920,6812,7108
동수,2023-11-03,8494,4343,4151
부평삼거리,2023-11-03,5481,2803,2678
간석오거리,2023-11-03,22003,11510,10493
인천시청,2023-11-03,11415,5826,5589
예술회관,2023-11-03,24961,11923,13038
인천터미널,2023-11-03,30627,14991,15636
문학경기장,2023-11-03,3941,2001,1940
선학,2023-11-03,13344,6708,6636
신연수,2023-11-03,12022,6223,5799
원인재,2023-11-03,6167,3317,2850
동춘,2023-11-03,21292,10467,10825
동막,2023-11-03,11585,6159,5426
캠퍼스타운,2023-11-03,13317,6987,6330
테크노파크,2023-11-03,22538,11282,11256
지식정보단지,2023-11-03,10524,5127,5397
인천대입구,2023-11-03,18882,9657,9225
센트럴파크(재외동포청),2023-11-03,8479,4217,4262
국제업무지구,2023-11-03,3944,2026,1918
송도달빛축제공원,2023-11-03,10795,5460,5335
계양,2023-11-04,6536,3141,3395
귤현,2023-11-04,1700,782,918
박촌,2023-11-04,5558,2962,2596
임학,2023-11-04,12520,6373,6147
계산,2023-11-04,19690,9899,9791
경인교대입구,2023-11-04,9026,4536,4490
작전,2023-11-04,22072,11420,10652
갈산,2023-11-04,10703,5600,5103
부평구청,2023-11-04,10625,5159,5466
부평시장,2023-11-04,19571,9728,9843
부평,2023-11-04,13440,6664,6776
동수,2023-11-04,5604,2840,2764
부평삼거리,2023-11-04,4533,2234,2299
간석오거리,2023-11-04,16817,8783,8034
인천시청,2023-11-04,8121,4191,3930
예술회관,2023-11-04,17647,8216,9431
인천터미널,2023-11-04,28695,14030,14665
문학경기장,2023-11-04,3460,1696,1764
선학,2023-11-04,10712,5355,5357
신연수,2023-11-04,6829,3653,3176
원인재,2023-11-04,4046,2146,1900
동춘,2023-11-04,15921,7922,7999
동막,2023-11-04,7136,3839,3297
캠퍼스타운,2023-11-04,8984,4745,4239
테크노파크,2023-11-04,19772,9672,10100
지식정보단지,2023-11-04,4650,2429,2221
인천대입구,2023-11-04,12045,6009,6036
센트럴파크(재외동포청),2023-11-04,9274,4577,4697
국제업무지구,2023-11-04,1948,1031,917
송도달빛축제공원,2023-11-04,10146,5132,5014
계양,2023-11-05,3966,1810,2156
귤현,2023-11-05,987,461,526
박촌,2023-11-05,3779,1925,1854
임학,2023-11-05,8120,4074,4046
계산,2023-11-05,11169,5583,5586
경인교대입구,2023-11-05,6728,3309,3419
작전,2023-11-05,13153,6736,6417
갈산,2023-11-05,5983,3071,2912
부평구청,2023-11-05,7116,3564,3552
부평시장,2023-11-05,13221,6599,6622
부평,2023-11-05,8332,4464,3868
동수,2023-11-05,3905,1981,1924
부평삼거리,2023-11-05,2790,1378,1412
간석오거리,2023-11-05,11079,5790,5289
인천시청,2023-11-05,5021,2542,2479
예술회관,2023-11-05,11346,5591,5755
인천터미널,2023-11-05,21316,10947,10369
문학경기장,2023-11-05,1696,853,843
선학,2023-11-05,6946,3464,3482
신연수,2023-11-05,4224,2147,2077
원인재,2023-11-05,2427,1308,1119
동춘,2023-11-05,10035,5005,5030
동막,2023-11-05,4205,2119,2086
캠퍼스타운,2023-11-05,5951,2896,3055
테크노파크,2023-11-05,13371,6584,6787
지식정보단지,2023-11-05,2725,1322,1403
인천대입구,2023-11-05,7431,3507,3924
센트럴파크(재외동포청),2023-11-05,5082,2434,2648
국제업무지구,2023-11-05,711,372,339
송도달빛축제공원,2023-11-05,5462,2693,2769
계양,2023-11-06,7355,3719,3636
귤현,2023-11-06,2414,958,1456
박촌,2023-11-06,7646,4010,3636
임학,2023-11-06,15443,7828,7615
계산,2023-11-06,20364,10437,9927
경인교대입구,2023-11-06,11105,5573,5532
작전,2023-11-06,27440,13961,13479
갈산,2023-11-06,19101,9694,9407
부평구청,2023-11-06,12666,6194,6472
부평시장,2023-11-06,25619,12930,12689
부평,2023-11-06,11949,5978,5971
동수,2023-11-06,8199,4218,3981
부평삼거리,2023-11-06,4946,2515,2431
간석오거리,2023-11-06,20511,10715,9796
인천시청,2023-11-06,10637,5407,5230
예술회관,2023-11-06,22261,11066,11195
인천터미널,2023-11-06,23851,11329,12522
문학경기장,2023-11-06,3472,1740,1732
선학,2023-11-06,11382,5695,5687
신연수,2023-11-06,11287,5667,5620
원인재,2023-11-06,5493,2929,2564
동춘,2023-11-06,19242,9360,9882
동막,2023-11-06,10262,5434,4828
캠퍼스타운,2023-11-06,11669,5753,5916
테크노파크,2023-11-06,19907,9961,9946
지식정보단지,2023-11-06,10227,4960,5267
인천대입구,2023-11-06,16779,8189,8590
센트럴파크(재외동포청),2023-11-06,6693,3337,3356
국제업무지구,2023-11-06,3623,1877,1746
송도달빛축제공원,2023-11-06,9026,4546,4480
계양,2023-11-07,7906,3971,3935
귤현,2023-11-07,2589,1022,1567
박촌,2023-11-07,8138,4266,3872
임학,2023-11-07,16372,8242,8130
계산,2023-11-07,21195,10719,10476
경인교대입구,2023-11-07,11443,5797,5646
작전,2023-11-07,28467,14454,14013
갈산,2023-11-07,19864,10078,9786
부평구청,2023-11-07,13796,6780,7016
부평시장,2023-11-07,27292,13695,13597
부평,2023-11-07,12526,6265,6261
동수,2023-11-07,8541,4325,4216
부평삼거리,2023-11-07,5365,2708,2657
간석오거리,2023-11-07,21856,11418,10438
인천시청,2023-11-07,11294,5717,5577
예술회관,2023-11-07,23259,11400,11859
인천터미널,2023-11-07,25989,12544,13445
문학경기장,2023-11-07,4189,2150,2039
선학,2023-11-07,12631,6332,6299
신연수,2023-11-07,12072,6112,5960
원인재,2023-11-07,5888,3148,2740
동춘,2023-11-07,20188,9836,10352
동막,2023-11-07,11074,5876,5198
캠퍼스타운,2023-11-07,12395,6247,6148
테크노파크,2023-11-07,21422,10696,10726
지식정보단지,2023-11-07,10896,5348,5548
인천대입구,2023-11-07,18486,9301,9185
센트럴파크(재외동포청),2023-11-07,7668,3856,3812
국제업무지구,2023-11-07,3904,1985,1919
송도달빛축제공원,2023-11-07,10168,5083,5085
계양,2023-11-08,7972,4054,3918
귤현,2023-11-08,2647,1040,1607
박촌,2023-11-08,8178,4262,3916
임학,2023-11-08,16691,8414,8277
계산,2023-11-08,22059,11236,10823
경인교대입구,2023-11-08,11525,5762,5763
작전,2023-11-08,28845,14637,14208
갈산,2023-11-08,20183,10232,9951
부평구청,2023-11-08,14033,6832,7201
부평시장,2023-11-08,27759,13836,13923
부평,2023-11-08,13090,6575,6515
동수,2023-11-08,8621,4380,4241
부평삼거리,2023-11-08,5564,2835,2729
간석오거리,2023-11-08,22373,11678,10695
인천시청,2023-11-08,11514,5794,5720
예술회관,2023-11-08,24363,11942,12421
인천터미널,2023-11-08,27103,13311,13792
문학경기장,2023-11-08,3752,1885,1867
선학,2023-11-08,12812,6437,6375
신연수,2023-11-08,12077,6155,5922
원인재,2023-11-08,6131,3276,2855
동춘,2023-11-08,20985,10277,10708
동막,2023-11-08,11373,6020,5353
캠퍼스타운,2023-11-08,12641,6355,6286
테크노파크,2023-11-08,22318,11208,11110
지식정보단지,2023-11-08,11031,5450,5581
인천대입구,2023-11-08,18735,9425,9310
센트럴파크(재외동포청),2023-11-08,8325,4071,4254
국제업무지구,2023-11-08,3818,1935,1883
송도달빛축제공원,2023-11-08,10652,5333,5319
계양,2023-11-09,7848,3956,3892
귤현,2023-11-09,2586,1007,1579
박촌,2023-11-09,7985,4176,3809
임학,2023-11-09,16447,8271,8176
계산,2023-11-09,21654,10960,10694
경인교대입구,2023-11-09,11320,5748,5572
작전,2023-11-09,27987,14160,13827
갈산,2023-11-09,19710,9948,9762
부평구청,2023-11-09,13762,6763,6999
부평시장,2023-11-09,27003,13576,13427
부평,2023-11-09,12780,6329,6451
동수,2023-11-09,8519,4330,4189
부평삼거리,2023-11-09,5443,2772,2671
간석오거리,2023-11-09,21986,11439,10547
인천시청,2023-11-09,11306,5705,5601
예술회관,2023-11-09,23344,11518,11826
인천터미널,2023-11-09,26711,13275,13436
문학경기장,2023-11-09,3682,1904,1778
선학,2023-11-09,12371,6208,6163
신연수,2023-11-09,11892,5982,5910
원인재,2023-11-09,6061,3241,2820
동춘,2023-11-09,20517,9970,10547
동막,2023-11-09,11060,5812,5248
캠퍼스타운,2023-11-09,13046,6810,6236
테크노파크,2023-11-09,21809,10908,10901
지식정보단지,2023-11-09,10744,5245,5499
인천대입구,2023-11-09,18134,9097,9037
센트럴파크(재외동포청),2023-11-09,8052,4012,4040
국제업무지구,2023-11-09,3824,1935,1889
송도달빛축제공원,2023-11-09,10307,5158,5149
계양,2023-11-10,8109,4040,4069
귤현,2023-11-10,2698,1074,1624
박촌,2023-11-10,8290,4293,3997
임학,2023-11-10,16620,8400,8220
계산,2023-11-10,21894,11194,10700
경인교대입구,2023-11-10,11583,5885,5698
작전,2023-11-10,28714,14650,14064
갈산,2023-11-10,19506,9960,9546
부평구청,2023-11-10,14080,6915,7165
부평시장,2023-11-10,27296,13627,13669
부평,2023-11-10,14380,7070,7310
동수,2023-11-10,8404,4317,4087
부평삼거리,2023-11-10,5411,2803,2608
간석오거리,2023-11-10,22211,11642,10569
인천시청,2023-11-10,11266,5698,5568
예술회관,2023-11-10,24838,11922,12916
인천터미널,2023-11-10,31369,15164,16205
문학경기장,2023-11-10,3707,1908,1799
선학,2023-11-10,13074,6618,6456
신연수,2023-11-10,11682,5984,5698
원인재,2023-11-10,6000,3166,2834
동춘,2023-11-10,21918,10752,11166
동막,2023-11-10,11558,6148,5410
캠퍼스타운,2023-11-10,13182,6879,6303
테크노파크,2023-11-10,23603,11906,11697
지식정보단지,2023-11-10,10649,5261,5388
인천대입구,2023-11-10,20109,10404,9705
센트럴파크(재외동포청),2023-11-10,8384,4073,4311
국제업무지구,2023-11-10,3838,1960,1878
송도달빛축제공원,2023-11-10,10350,5208,5142
계양,2023-11-11,5754,2791,2963
귤현,2023-11-11,1625,749,876
박촌,2023-11-11,5749,3087,2662
임학,2023-11-11,12318,6245,6073
계산,2023-11-11,19274,9665,9609
경인교대입구,2023-11-11,9147,4585,4562
작전,2023-11-11,22389,11591,10798
갈산,2023-11-11,10232,5306,4926
부평구청,2023-11-11,9926,4851,5075
부평시장,2023-11-11,18537,9364,9173
부평,2023-11-11,13809,6907,6902
동수,2023-11-11,5511,2800,2711
부평삼거리,2023-11-11,3768,1898,1870
간석오거리,2023-11-11,16537,8584,7953
인천시청,2023-11-11,7815,4070,3745
예술회관,2023-11-11,17396,8230,9166
인천터미널,2023-11-11,28694,13839,14855
문학경기장,2023-11-11,3171,1575,1596
선학,2023-11-11,10238,5131,5107
신연수,2023-11-11,6462,3408,3054
원인재,2023-11-11,4129,2184,1945
동춘,2023-11-11,16241,8016,8225
동막,2023-11-11,6921,3686,3235
캠퍼스타운,2023-11-11,8599,4510,4089
테크노파크,2023-11-11,21197,10622,10575
지식정보단지,2023-11-11,4592,2354,2238
인천대입구,2023-11-11,11350,5705,5645
센트럴파크(재외동포청),2023-11-11,8300,4064,4236
국제업무지구,2023-11-11,1811,941,870
송도달빛축제공원,2023-11-11,8135,4140,3995
계양,2023-11-12,4316,1945,2371
귤현,2023-11-12,1082,507,575
박촌,2023-11-12,4137,2153,1984
임학,2023-11-12,8796,4482,4314
계산,2023-11-12,13751,6804,6947
경인교대입구,2023-11-12,7528,3721,3807
작전,2023-11-12,14277,7350,6927
갈산,2023-11-12,6540,3302,3238
부평구청,2023-11-12,7131,3458,3673
부평시장,2023-11-12,14189,7097,7092
부평,2023-11-12,9417,5021,4396
동수,2023-11-12,4113,2077,2036
부평삼거리,2023-11-12,2853,1434,1419
간석오거리,2023-11-12,12155,6294,5861
인천시청,2023-11-12,5213,2632,2581
예술회관,2023-11-12,11011,5370,5641
인천터미널,2023-11-12,23354,11860,11494
문학경기장,2023-11-12,2296,1124,1172
선학,2023-11-12,8022,3968,4054
신연수,2023-11-12,4735,2434,2301
원인재,2023-11-12,2512,1347,1165
동춘,2023-11-12,9861,4879,4982
동막,2023-11-12,4521,2294,2227
캠퍼스타운,2023-11-12,6384,3062,3322
테크노파크,2023-11-12,16190,7981,8209
지식정보단지,2023-11-12,2923,1431,1492
인천대입구,2023-11-12,7809,3715,4094
센트럴파크(재외동포청),2023-11-12,5015,2420,2595
국제업무지구,2023-11-12,785,422,363
송도달빛축제공원,2023-11-12,5889,2911,2978
계양,2023-11-13,7664,3848,3816
귤현,2023-11-13,2432,958,1474
박촌,2023-11-13,7743,4062,3681
임학,2023-11-13,16077,8115,7962
계산,2023-11-13,21071,10775,10296
경인교대입구,2023-11-13,11365,5670,5695
작전,2023-11-13,27677,14046,13631
갈산,2023-11-13,19280,9738,9542
부평구청,2023-11-13,13274,6523,6751
부평시장,2023-11-13,26313,13171,13142
부평,2023-11-13,12427,6212,6215
동수,2023-11-13,8255,4238,4017
부평삼거리,2023-11-13,5030,2573,2457
간석오거리,2023-11-13,21146,11011,10135
인천시청,2023-11-13,10635,5401,5234
예술회관,2023-11-13,23028,11272,11756
인천터미널,2023-11-13,25994,12515,13479
문학경기장,2023-11-13,3615,1787,1828
선학,2023-11-13,11688,5846,5842
신연수,2023-11-13,11515,5815,5700
원인재,2023-11-13,5660,3054,2606
동춘,2023-11-13,20178,9831,10347
동막,2023-11-13,10628,5619,5009
캠퍼스타운,2023-11-13,11970,5930,6040
테크노파크,2023-11-13,21147,10613,10534
지식정보단지,2023-11-13,10351,5050,5301
인천대입구,2023-11-13,17464,8664,8800
센트럴파크(재외동포청),2023-11-13,6930,3496,3434
국제업무지구,2023-11-13,3725,1914,1811
송도달빛축제공원,2023-11-13,9737,4891,4846
계양,2023-11-14,8061,4039,4022
귤현,2023-11-14,2570,986,1584
박촌,2023-11-14,8081,4169,3912
임학,2023-11-14,16354,8290,8064
계산,2023-11-14,20832,10626,10206
경인교대입구,2023-11-14,11375,5688,5687
작전,2023-11-14,28638,14621,14017
갈산,2023-11-14,19600,9959,9641
부평구청,2023-11-14,13841,6769,7072
부평시장,2023-11-14,26868,13454,13414
부평,2023-11-14,12436,6231,6205
동수,2023-11-14,8475,4334,4141
부평삼거리,2023-11-14,5349,2659,2690
간석오거리,2023-11-14,21878,11477,10401
인천시청,2023-11-14,11306,5645,5661
예술회관,2023-11-14,23054,11350,11704
인천터미널,2023-11-14,25580,12445,13135
문학경기장,2023-11-14,3696,1855,1841
선학,2023-11-14,12498,6284,6214
신연수,2023-11-14,11845,5999,5846
원인재,2023-11-14,5894,3189,2705
동춘,2023-11-14,20755,10135,10620
동막,2023-11-14,10756,5666,5090
캠퍼스타운,2023-11-14,12223,6090,6133
테크노파크,2023-11-14,21173,10489,10684
지식정보단지,2023-11-14,10570,5157,5413
인천대입구,2023-11-14,18120,9127,8993
센트럴파크(재외동포청),2023-11-14,7432,3697,3735
국제업무지구,2023-11-14,4019,2057,1962
송도달빛축제공원,2023-11-14,10328,5114,5214
계양,2023-11-15,8117,4135,3982
귤현,2023-11-15,2695,1055,1640
박촌,2023-11-15,8307,4327,3980
임학,2023-11-15,16885,8503,8382
계산,2023-11-15,21967,11180,10787
경인교대입구,2023-11-15,11616,5885,5731
작전,2023-11-15,29449,14897,14552
갈산,2023-11-15,19917,10116,9801
부평구청,2023-11-15,14166,6928,7238
부평시장,2023-11-15,27878,13960,13918
부평,2023-11-15,13227,6597,6630
동수,2023-11-15,8509,4323,4186
부평삼거리,2023-11-15,5541,2777,2764
간석오거리,2023-11-15,22457,11753,10704
인천시청,2023-11-15,11439,5763,5676
예술회관,2023-11-15,24731,12133,12598
인천터미널,2023-11-15,26550,12956,13594
문학경기장,2023-11-15,3802,1926,1876
선학,2023-11-15,12775,6369,6406
신연수,2023-11-15,12283,6303,5980
원인재,2023-11-15,6105,3223,2882
동춘,2023-11-15,21487,10532,10955
동막,2023-11-15,11263,5923,5340
캠퍼스타운,2023-11-15,13448,6795,6653
테크노파크,2023-11-15,22594,11354,11240
지식정보단지,2023-11-15,11043,5396,5647
인천대입구,2023-11-15,18333,9211,9122
센트럴파크(재외동포청),2023-11-15,7868,3871,3997
국제업무지구,2023-11-15,3834,1933,1901
송도달빛축제공원,2023-11-15,10703,5271,5432
계양,2023-11-16,7428,3759,3669
귤현,2023-11-16,2355,876,1479
박촌,2023-11-16,7206,3727,3479
임학,2023-11-16,15799,7958,7841
계산,2023-11-16,19936,10145,9791
경인교대입구,2023-11-16,10825,5455,5370
작전,2023-11-16,27123,13791,13332
갈산,2023-11-16,18785,9570,9215
부평구청,2023-11-16,13267,6538,6729
부평시장,2023-11-16,24938,12458,12480
부평,2023-11-16,12655,6366,6289
동수,2023-11-16,8104,4118,3986
부평삼거리,2023-11-16,4260,2151,2109
간석오거리,2023-11-16,20443,10617,9826
인천시청,2023-11-16,10104,5078,5026
예술회관,2023-11-16,22573,11092,11481
인천터미널,2023-11-16,24771,12395,12376
문학경기장,2023-11-16,3123,1568,1555
선학,2023-11-16,11834,5919,5915
신연수,2023-11-16,10979,5560,5419
원인재,2023-11-16,5543,2977,2566
동춘,2023-11-16,19795,9549,10246
동막,2023-11-16,10321,5388,4933
캠퍼스타운,2023-11-16,12270,6369,5901
테크노파크,2023-11-16,21572,10839,10733
지식정보단지,2023-11-16,10229,4966,5263
인천대입구,2023-11-16,17717,8919,8798
센트럴파크(재외동포청),2023-11-16,7198,3575,3623
국제업무지구,2023-11-16,3755,1905,1850
송도달빛축제공원,2023-11-16,9628,4824,4804
계양,2023-11-17,7920,3975,3945
귤현,2023-11-17,2503,976,1527
박촌,2023-11-17,8279,4429,3850
임학,2023-11-17,16775,8328,8447
계산,2023-11-17,21548,10977,10571
경인교대입구,2023-11-17,11495,5777,5718
작전,2023-11-17,29026,14748,14278
갈산,2023-11-17,19119,9703,9416
부평구청,2023-11-17,14049,6840,7209
부평시장,2023-11-17,27887,14029,13858
부평,2023-11-17,14549,7179,7370
동수,2023-11-17,8300,4246,4054
부평삼거리,2023-11-17,5400,2764,2636
간석오거리,2023-11-17,22155,11578,10577
인천시청,2023-11-17,11176,5641,5535
예술회관,2023-11-17,25236,12074,13162
인천터미널,2023-11-17,30971,15055,15916
문학경기장,2023-11-17,4020,2085,1935
선학,2023-11-17,12900,6460,6440
신연수,2023-11-17,11731,6059,5672
원인재,2023-11-17,5971,3182,2789
동춘,2023-11-17,22953,11184,11769
동막,2023-11-17,11190,5867,5323
캠퍼스타운,2023-11-17,13197,6896,6301
테크노파크,2023-11-17,24037,12104,11933
지식정보단지,2023-11-17,10737,5321,5416
인천대입구,2023-11-17,17972,9191,8781
센트럴파크(재외동포청),2023-11-17,8108,3978,4130
국제업무지구,2023-11-17,3948,2022,1926
송도달빛축제공원,2023-11-17,10340,5239,5101
계양,2023-11-18,5751,2790,2961
귤현,2023-11-18,1493,695,798
박촌,2023-11-18,5392,2904,2488
임학,2023-11-18,12060,6095,5965
계산,2023-11-18,17237,8738,8499
경인교대입구,2023-11-18,8771,4416,4355
작전,2023-11-18,21118,10784,10334
갈산,2023-11-18,10111,5180,4931
부평구청,2023-11-18,9663,4704,4959
부평시장,2023-11-18,18217,9098,9119
부평,2023-11-18,13468,6641,6827
동수,2023-11-18,5476,2838,2638
부평삼거리,2023-11-18,3702,1871,1831
간석오거리,2023-11-18,15889,8371,7518
인천시청,2023-11-18,6992,3593,3399
예술회관,2023-11-18,17407,8254,9153
인천터미널,2023-11-18,27771,13370,14401
문학경기장,2023-11-18,2829,1401,1428
선학,2023-11-18,10379,5259,5120
신연수,2023-11-18,6595,3510,3085
원인재,2023-11-18,3773,2024,1749
동춘,2023-11-18,16140,7942,8198
동막,2023-11-18,6639,3558,3081
캠퍼스타운,2023-11-18,8447,4429,4018
테크노파크,2023-11-18,19387,9630,9757
지식정보단지,2023-11-18,4118,2136,1982
인천대입구,2023-11-18,10573,5240,5333
센트럴파크(재외동포청),2023-11-18,7648,3767,3881
국제업무지구,2023-11-18,1803,956,847
송도달빛축제공원,2023-11-18,7812,3979,3833
계양,2023-11-19,4347,2008,2339
귤현,2023-11-19,1096,510,586
박촌,2023-11-19,4152,2180,1972
임학,2023-11-19,8867,4459,4408
계산,2023-11-19,13384,6619,6765
경인교대입구,2023-11-19,7032,3496,3536
작전,2023-11-19,14679,7493,7186
갈산,2023-11-19,6862,3536,3326
부평구청,2023-11-19,7136,3500,3636
부평시장,2023-11-19,14312,7065,7247
부평,2023-11-19,9580,4984,4596
동수,2023-11-19,4200,2105,2095
부평삼거리,2023-11-19,3369,1717,1652
간석오거리,2023-11-19,12293,6351,5942
인천시청,2023-11-19,5326,2675,2651
예술회관,2023-11-19,11749,5774,5975
인천터미널,2023-11-19,23091,11654,11437
문학경기장,2023-11-19,1872,923,949
선학,2023-11-19,8015,3953,4062
신연수,2023-11-19,4889,2512,2377
원인재,2023-11-19,2640,1405,1235
동춘,2023-11-19,12822,6355,6467
동막,2023-11-19,4676,2425,2251
캠퍼스타운,2023-11-19,6741,3224,3517
테크노파크,2023-11-19,15982,7859,8123
지식정보단지,2023-11-19,3056,1518,1538
인천대입구,2023-11-19,9408,4513,4895
센트럴파크(재외동포청),2023-11-19,5580,2722,2858
국제업무지구,2023-11-19,803,415,388
송도달빛축제공원,2023-11-19,6177,3054,3123
계양,2023-11-20,7769,3952,3817
귤현,2023-11-20,2558,1049,1509
박촌,2023-11-20,7894,4131,3763
임학,2023-11-20,16342,8271,8071
계산,2023-11-20,21362,10868,10494
경인교대입구,2023-11-20,11355,5681,5674
작전,2023-11-20,27869,14185,13684
갈산,2023-11-20,19209,9779,9430
부평구청,2023-11-20,13351,6499,6852
부평시장,2023-11-20,26662,13350,13312
부평,2023-11-20,12547,6262,6285
동수,2023-11-20,8290,4212,4078
부평삼거리,2023-11-20,5254,2672,2582
간석오거리,2023-11-20,21745,11336,10409
인천시청,2023-11-20,11041,5511,5530
예술회관,2023-11-20,23133,11450,11683
인천터미널,2023-11-20,26366,12715,13651
문학경기장,2023-11-20,3481,1749,1732
선학,2023-11-20,12251,6093,6158
신연수,2023-11-20,11576,5875,5701
원인재,2023-11-20,5642,3016,2626
동춘,2023-11-20,20127,9839,10288
동막,2023-11-20,10602,5627,4975
캠퍼스타운,2023-11-20,12439,6116,6323
테크노파크,2023-11-20,21731,10882,10849
지식정보단지,2023-11-20,10665,5223,5442
인천대입구,2023-11-20,17620,8661,8959
센트럴파크(재외동포청),2023-11-20,7135,3588,3547
국제업무지구,2023-11-20,3725,1909,1816
송도달빛축제공원,2023-11-20,10149,5062,5087
계양,2023-11-21,8187,4178,4009
귤현,2023-11-21,2643,1016,1627
박촌,2023-11-21,8071,4220,3851
임학,2023-11-21,17260,8719,8541
계산,2023-11-21,21150,10709,10441
경인교대입구,2023-11-21,11407,5725,5682
작전,2023-11-21,28509,14478,14031
갈산,2023-11-21,19823,10093,9730
부평구청,2023-11-21,14388,7106,7282
부평시장,2023-11-21,27714,13907,13807
부평,2023-11-21,12459,6147,6312
동수,2023-11-21,8528,4323,4205
부평삼거리,2023-11-21,5312,2686,2626
간석오거리,2023-11-21,22262,11579,10683
인천시청,2023-11-21,11486,5791,5695
예술회관,2023-11-21,23603,11652,11951
인천터미널,2023-11-21,25705,12577,13128
문학경기장,2023-11-21,3660,1857,1803
선학,2023-11-21,12229,6142,6087
신연수,2023-11-21,11841,6000,5841
원인재,2023-11-21,5749,3053,2696
동춘,2023-11-21,20341,9991,10350
동막,2023-11-21,10950,5806,5144
캠퍼스타운,2023-11-21,12580,6348,6232
테크노파크,2023-11-21,22145,11097,11048
지식정보단지,2023-11-21,10874,5340,5534
인천대입구,2023-11-21,18098,9041,9057
센트럴파크(재외동포청),2023-11-21,7804,3883,3921
국제업무지구,2023-11-21,3834,1959,1875
송도달빛축제공원,2023-11-21,10384,5154,5230
계양,2023-11-22,8034,4118,3916
귤현,2023-11-22,2589,997,1592
박촌,2023-11-22,8042,4208,3834
임학,2023-11-22,16817,8498,8319
계산,2023-11-22,21970,11101,10869
경인교대입구,2023-11-22,11728,5920,5808
작전,2023-11-22,28659,14570,14089
갈산,2023-11-22,19794,10030,9764
부평구청,2023-11-22,13822,6812,7010
부평시장,2023-11-22,27254,13602,13652
부평,2023-11-22,13103,6609,6494
동수,2023-11-22,8499,4315,4184
부평삼거리,2023-11-22,5370,2709,2661
간석오거리,2023-11-22,22001,11486,10515
인천시청,2023-11-22,11456,5768,5688
예술회관,2023-11-22,23996,11703,12293
인천터미널,2023-11-22,25626,12591,13035
문학경기장,2023-11-22,3513,1786,1727
선학,2023-11-22,12704,6375,6329
신연수,2023-11-22,11848,6039,5809
원인재,2023-11-22,5806,3032,2774
동춘,2023-11-22,20508,10059,10449
동막,2023-11-22,11472,6098,5374
캠퍼스타운,2023-11-22,12800,6488,6312
테크노파크,2023-11-22,21774,10891,10883
지식정보단지,2023-11-22,10835,5321,5514
인천대입구,2023-11-22,18157,9087,9070
센트럴파크(재외동포청),2023-11-22,7995,3964,4031
국제업무지구,2023-11-22,3750,1904,1846
송도달빛축제공원,2023-11-22,10572,5255,5317
계양,2023-11-23,8048,4028,4020
귤현,2023-11-23,2548,972,1576
박촌,2023-11-23,8019,4217,3802
임학,2023-11-23,16360,8181,8179
계산,2023-11-23,21740,11067,10673
경인교대입구,2023-11-23,11995,6064,5931
작전,2023-11-23,28802,14622,14180
갈산,2023-11-23,19299,9813,9486
부평구청,2023-11-23,14145,6954,7191
부평시장,2023-11-23,27458,13691,13767
부평,2023-11-23,12692,6463,6229
동수,2023-11-23,8505,4260,4245
부평삼거리,2023-11-23,5229,2685,2544
간석오거리,2023-11-23,22073,11473,10600
인천시청,2023-11-23,11412,5704,5708
예술회관,2023-11-23,23703,11631,12072
인천터미널,2023-11-23,26410,13095,13315
문학경기장,2023-11-23,3726,1890,1836
선학,2023-11-23,12471,6310,6161
신연수,2023-11-23,11766,5994,5772
원인재,2023-11-23,5368,2856,2512
동춘,2023-11-23,20522,9966,10556
동막,2023-11-23,10926,5736,5190
캠퍼스타운,2023-11-23,13033,6676,6357
테크노파크,2023-11-23,22140,11156,10984
지식정보단지,2023-11-23,10870,5319,5551
인천대입구,2023-11-23,18604,9411,9193
센트럴파크(재외동포청),2023-11-23,7938,3979,3959
국제업무지구,2023-11-23,3858,1963,1895
송도달빛축제공원,2023-11-23,10312,5096,5216
계양,2023-11-24,7886,3922,3964
귤현,2023-11-24,2626,1084,1542
박촌,2023-11-24,8145,4265,3880
임학,2023-11-24,16558,8341,8217
계산,2023-11-24,22024,11201,10823
경인교대입구,2023-11-24,11556,5799,5757
작전,2023-11-24,28653,14500,14153
갈산,2023-11-24,19290,9849,9441
부평구청,2023-11-24,13814,6727,7087
부평시장,2023-11-24,27258,13606,13652
부평,2023-11-24,14023,6837,7186
동수,2023-11-24,8452,4329,4123
부평삼거리,2023-11-24,5237,2623,2614
간석오거리,2023-11-24,21763,11401,10362
인천시청,2023-11-24,11495,5779,5716
예술회관,2023-11-24,25043,11951,13092
인천터미널,2023-11-24,30913,15050,15863
문학경기장,2023-11-24,3847,1993,1854
선학,2023-11-24,12480,6268,6212
신연수,2023-11-24,11567,5999,5568
원인재,2023-11-24,5640,2939,2701
동춘,2023-11-24,21097,10276,10821
동막,2023-11-24,11110,5851,5259
캠퍼스타운,2023-11-24,12820,6699,6121
테크노파크,2023-11-24,23004,11667,11337
지식정보단지,2023-11-24,10441,5172,5269
인천대입구,2023-11-24,18021,9058,8963
센트럴파크(재외동포청),2023-11-24,8364,4141,4223
국제업무지구,2023-11-24,3773,1902,1871
송도달빛축제공원,2023-11-24,10230,5117,5113
계양,2023-11-25,5557,2681,2876
귤현,2023-11-25,1497,690,807
박촌,2023-11-25,5399,2839,2560
임학,2023-11-25,11717,5907,5810
계산,2023-11-25,17781,8910,8871
경인교대입구,2023-11-25,8554,4322,4232
작전,2023-11-25,21158,10684,10474
갈산,2023-11-25,10279,5314,4965
부평구청,2023-11-25,9676,4729,4947
부평시장,2023-11-25,18264,9132,9132
부평,2023-11-25,13288,6619,6669
동수,2023-11-25,5504,2798,2706
부평삼거리,2023-11-25,3684,1859,1825
간석오거리,2023-11-25,15613,8210,7403
인천시청,2023-11-25,7198,3715,3483
예술회관,2023-11-25,17431,8300,9131
인천터미널,2023-11-25,27380,13105,14275
문학경기장,2023-11-25,3044,1499,1545
선학,2023-11-25,10155,5165,4990
신연수,2023-11-25,6200,3286,2914
원인재,2023-11-25,3377,1802,1575
동춘,2023-11-25,15215,7551,7664
동막,2023-11-25,6742,3595,3147
캠퍼스타운,2023-11-25,8235,4366,3869
테크노파크,2023-11-25,19495,9697,9798
지식정보단지,2023-11-25,4320,2206,2114
인천대입구,2023-11-25,12237,6271,5966
센트럴파크(재외동포청),2023-11-25,7331,3632,3699
국제업무지구,2023-11-25,1711,908,803
송도달빛축제공원,2023-11-25,7703,3897,3806
계양,2023-11-26,4033,1836,2197
귤현,2023-11-26,1025,485,540
박촌,2023-11-26,4129,2138,1991
임학,2023-11-26,8574,4338,4236
계산,2023-11-26,13036,6539,6497
경인교대입구,2023-11-26,7199,3532,3667
작전,2023-11-26,14204,7296,6908
갈산,2023-11-26,6418,3282,3136
부평구청,2023-11-26,6852,3342,3510
부평시장,2023-11-26,14020,7003,7017
부평,2023-11-26,8973,4687,4286
동수,2023-11-26,3932,2009,1923
부평삼거리,2023-11-26,2956,1451,1505
간석오거리,2023-11-26,11858,6217,5641
인천시청,2023-11-26,5094,2565,2529
예술회관,2023-11-26,11529,5570,5959
인천터미널,2023-11-26,22612,11409,11203
문학경기장,2023-11-26,1820,899,921
선학,2023-11-26,7603,3784,3819
신연수,2023-11-26,4403,2260,2143
원인재,2023-11-26,2395,1279,1116
동춘,2023-11-26,9473,4749,4724
동막,2023-11-26,4427,2267,2160
캠퍼스타운,2023-11-26,6273,2987,3286
테크노파크,2023-11-26,15857,7831,8026
지식정보단지,2023-11-26,2788,1398,1390
인천대입구,2023-11-26,9116,4268,4848
센트럴파크(재외동포청),2023-11-26,4894,2411,2483
국제업무지구,2023-11-26,773,425,348
송도달빛축제공원,2023-11-26,6003,2953,3050
계양,2023-11-27,7414,3774,3640
귤현,2023-11-27,2381,921,1460
박촌,2023-11-27,7501,3956,3545
임학,2023-11-27,15673,7939,7734
계산,2023-11-27,20662,10546,10116
경인교대입구,2023-11-27,11084,5535,5549
작전,2023-11-27,27488,13988,13500
갈산,2023-11-27,19039,9624,9415
부평구청,2023-11-27,13143,6498,6645
부평시장,2023-11-27,25786,12986,12800
부평,2023-11-27,12303,6181,6122
동수,2023-11-27,8111,4137,3974
부평삼거리,2023-11-27,4954,2508,2446
간석오거리,2023-11-27,20803,10860,9943
인천시청,2023-11-27,10646,5417,5229
예술회관,2023-11-27,22849,11231,11618
인천터미널,2023-11-27,25211,12209,13002
문학경기장,2023-11-27,3569,1786,1783
선학,2023-11-27,11660,5849,5811
신연수,2023-11-27,11230,5650,5580
원인재,2023-11-27,5407,2851,2556
동춘,2023-11-27,19720,9619,10101
동막,2023-11-27,10515,5616,4899
캠퍼스타운,2023-11-27,11905,5874,6031
테크노파크,2023-11-27,20431,10331,10100
지식정보단지,2023-11-27,10307,5040,5267
인천대입구,2023-11-27,17301,8536,8765
센트럴파크(재외동포청),2023-11-27,6863,3418,3445
국제업무지구,2023-11-27,3708,1905,1803
송도달빛축제공원,2023-11-27,9749,4857,4892
계양,2023-11-28,7875,3964,3911
귤현,2023-11-28,2541,982,1559
박촌,2023-11-28,8113,4225,3888
임학,2023-11-28,16313,8215,8098
계산,2023-11-28,20943,10591,10352
경인교대입구,2023-11-28,11463,5831,5632
작전,2023-11-28,28231,14308,13923
갈산,2023-11-28,19711,9916,9795
부평구청,2023-11-28,14076,6911,7165
부평시장,2023-11-28,27175,13530,13645
부평,2023-11-28,12437,6310,6127
동수,2023-11-28,8488,4328,4160
부평삼거리,2023-11-28,5370,2678,2692
간석오거리,2023-11-28,21921,11421,10500
인천시청,2023-11-28,11392,5750,5642
예술회관,2023-11-28,23442,11521,11921
인천터미널,2023-11-28,25446,12333,13113
문학경기장,2023-11-28,3706,1854,1852
선학,2023-11-28,12207,6145,6062
신연수,2023-11-28,11736,5947,5789
원인재,2023-11-28,5607,2995,2612
동춘,2023-11-28,20539,10127,10412
동막,2023-11-28,10680,5621,5059
캠퍼스타운,2023-11-28,12115,6073,6042
테크노파크,2023-11-28,21404,10710,10694
지식정보단지,2023-11-28,10689,5246,5443
인천대입구,2023-11-28,17838,8867,8971
센트럴파크(재외동포청),2023-11-28,7421,3700,3721
국제업무지구,2023-11-28,3919,2023,1896
송도달빛축제공원,2023-11-28,9986,4987,4999
계양,2023-11-29,7659,3913,3746
귤현,2023-11-29,2607,1018,1589
박촌,2023-11-29,8026,4123,3903
임학,2023-11-29,16129,8105,8024
계산,2023-11-29,21781,11070,10711
경인교대입구,2023-11-29,11463,5801,5662
작전,2023-11-29,28540,14564,13976
갈산,2023-11-29,19947,10141,9806
부평구청,2023-11-29,13793,6784,7009
부평시장,2023-11-29,27271,13626,13645
부평,2023-11-29,12802,6498,6304
동수,2023-11-29,8432,4216,4216
부평삼거리,2023-11-29,5259,2627,2632
간석오거리,2023-11-29,21989,11456,10533
인천시청,2023-11-29,11454,5743,5711
예술회관,2023-11-29,23881,11722,12159
인천터미널,2023-11-29,25502,12585,12917
문학경기장,2023-11-29,3844,1930,1914
선학,2023-11-29,12473,6259,6214
신연수,2023-11-29,11840,6038,5802
원인재,2023-11-29,5360,2858,2502
동춘,2023-11-29,20297,9880,10417
동막,2023-11-29,10730,5670,5060
캠퍼스타운,2023-11-29,12381,6197,6184
테크노파크,2023-11-29,21430,10806,10624
지식정보단지,2023-11-29,10724,5322,5402
인천대입구,2023-11-29,18615,9198,9417
센트럴파크(재외동포청),2023-11-29,7450,3761,3689
국제업무지구,2023-11-29,3891,1954,1937
송도달빛축제공원,2023-11-29,9970,4939,5031
계양,2023-11-30,7602,3821,3781
귤현,2023-11-30,2483,966,1517
박촌,2023-11-30,7622,3968,3654
임학,2023-11-30,15874,7938,7936
계산,2023-11-30,20926,10647,10279
경인교대입구,2023-11-30,11277,5731,5546
작전,2023-11-30,27692,13938,13754
갈산,2023-11-30,19499,9884,9615
부평구청,2023-11-30,13843,6793,7050
부평시장,2023-11-30,26525,13200,13325
부평,2023-11-30,12539,6315,6224
동수,2023-11-30,8265,4217,4048
부평삼거리,2023-11-30,5144,2584,2560
간석오거리,2023-11-30,21550,11228,10322
인천시청,2023-11-30,11041,5587,5454
예술회관,2023-11-30,23218,11443,11775
인천터미널,2023-11-30,25817,12856,12961
문학경기장,2023-11-30,3418,1716,1702
선학,2023-11-30,12224,6122,6102
신연수,2023-11-30,11281,5687,5594
원인재,2023-11-30,5204,2744,2460
동춘,2023-11-30,20072,9759,10313
동막,2023-11-30,11067,5834,5233
캠퍼스타운,2023-11-30,12146,6287,5859
테크노파크,2023-11-30,21308,10735,10573
지식정보단지,2023-11-30,10302,5054,5248
인천대입구,2023-11-30,18585,9223,9362
센트럴파크(재외동포청),2023-11-30,7448,3734,3714
국제업무지구,2023-11-30,3827,1957,1870
송도달빛축제공원,2023-11-30,9772,4864,4908
계양,2023-12-01,7693,3871,3822
귤현,2023-12-01,2570,1029,1541
박촌,2023-12-01,7961,4149,3812
임학,2023-12-01,16543,8285,8258
계산,2023-12-01,21696,11116,10580
경인교대입구,2023-12-01,11281,5736,5545
작전,2023-12-01,28246,14383,13863
갈산,2023-12-01,19346,9843,9503
부평구청,2023-12-01,13525,6666,6859
부평시장,2023-12-01,26900,13399,13501
부평,2023-12-01,14206,7010,7196
동수,2023-12-01,8377,4309,4068
부평삼거리,2023-12-01,5383,2723,2660
간석오거리,2023-12-01,21592,11326,10266
인천시청,2023-12-01,11568,5964,5604
예술회관,2023-12-01,25081,11999,13082
인천터미널,2023-12-01,30086,14621,15465
문학경기장,2023-12-01,3861,1999,1862
선학,2023-12-01,12844,6466,6378
신연수,2023-12-01,11199,5764,5435
원인재,2023-12-01,5292,2837,2455
동춘,2023-12-01,21172,10277,10895
동막,2023-12-01,10905,5769,5136
캠퍼스타운,2023-12-01,12548,6518,6030
테크노파크,2023-12-01,22125,11220,10905
지식정보단지,2023-12-01,10453,5149,5304
인천대입구,2023-12-01,17419,8830,8589
센트럴파크(재외동포청),2023-12-01,7942,3922,4020
국제업무지구,2023-12-01,3739,1930,1809
송도달빛축제공원,2023-12-01,10122,5109,5013
계양,2023-12-02,5807,2739,3068
귤현,2023-12-02,1504,685,819
박촌,2023-12-02,5389,2880,2509
임학,2023-12-02,12143,6200,5943
계산,2023-12-02,18339,9168,9171
경인교대입구,2023-12-02,9073,4561,4512
작전,2023-12-02,21986,11257,10729
갈산,2023-12-02,10286,5307,4979
부평구청,2023-12-02,10008,4953,5055
부평시장,2023-12-02,18864,9418,9446
부평,2023-12-02,13179,6608,6571
동수,2023-12-02,5168,2641,2527
부평삼거리,2023-12-02,4096,1997,2099
간석오거리,2023-12-02,15951,8401,7550
인천시청,2023-12-02,7611,3872,3739
예술회관,2023-12-02,17702,8376,9326
인천터미널,2023-12-02,27623,13410,14213
문학경기장,2023-12-02,2845,1383,1462
선학,2023-12-02,10263,5168,5095
신연수,2023-12-02,6280,3270,3010
원인재,2023-12-02,3469,1792,1677
동춘,2023-12-02,15898,7918,7980
동막,2023-12-02,6415,3393,3022
캠퍼스타운,2023-12-02,8458,4478,3980
테크노파크,2023-12-02,19168,9443,9725
지식정보단지,2023-12-02,4211,2181,2030
인천대입구,2023-12-02,10904,5397,5507
센트럴파크(재외동포청),2023-12-02,7149,3493,3656
국제업무지구,2023-12-02,1619,854,765
송도달빛축제공원,2023-12-02,7932,4035,3897
계양,2023-12-03,4267,1998,2269
귤현,2023-12-03,1004,460,544
박촌,2023-12-03,4010,2082,1928
임학,2023-12-03,8745,4478,4267
계산,2023-12-03,12796,6269,6527
경인교대입구,2023-12-03,7163,3615,3548
작전,2023-12-03,14342,7311,7031
갈산,2023-12-03,6457,3294,3163
부평구청,2023-12-03,7070,3441,3629
부평시장,2023-12-03,14264,7157,7107
부평,2023-12-03,8935,4736,4199
동수,2023-12-03,3947,2004,1943
부평삼거리,2023-12-03,3192,1574,1618
간석오거리,2023-12-03,12055,6291,5764
인천시청,2023-12-03,5450,2788,2662
예술회관,2023-12-03,12084,5863,6221
인천터미널,2023-12-03,22155,11179,10976
문학경기장,2023-12-03,1923,946,977
선학,2023-12-03,7985,3962,4023
신연수,2023-12-03,4607,2338,2269
원인재,2023-12-03,2238,1167,1071
동춘,2023-12-03,11635,5739,5896
동막,2023-12-03,4271,2212,2059
캠퍼스타운,2023-12-03,6380,3082,3298
테크노파크,2023-12-03,15160,7477,7683
지식정보단지,2023-12-03,2893,1447,1446
인천대입구,2023-12-03,7714,3670,4044
센트럴파크(재외동포청),2023-12-03,5039,2430,2609
국제업무지구,2023-12-03,766,414,352
송도달빛축제공원,2023-12-03,5982,2975,3007
계양,2023-12-04,7523,3826,3697
귤현,2023-12-04,2473,987,1486
박촌,2023-12-04,7809,4119,3690
임학,2023-12-04,16128,8178,7950
계산,2023-12-04,20889,10631,10258
경인교대입구,2023-12-04,11149,5563,5586
작전,2023-12-04,27867,14175,13692
갈산,2023-12-04,19164,9697,9467
부평구청,2023-12-04,13346,6541,6805
부평시장,2023-12-04,26743,13374,13369
부평,2023-12-04,12692,6419,6273
동수,2023-12-04,8271,4193,4078
부평삼거리,2023-12-04,5139,2587,2552
간석오거리,2023-12-04,21553,11268,10285
인천시청,2023-12-04,11001,5574,5427
예술회관,2023-12-04,23443,11567,11876
인천터미널,2023-12-04,25858,12495,13363
문학경기장,2023-12-04,3626,1799,1827
선학,2023-12-04,11927,5988,5939
신연수,2023-12-04,11512,5803,5709
원인재,2023-12-04,5512,2962,2550
동춘,2023-12-04,20128,9793,10335
동막,2023-12-04,11427,5944,5483
캠퍼스타운,2023-12-04,12302,6088,6214
테크노파크,2023-12-04,20861,10487,10374
지식정보단지,2023-12-04,10541,5172,5369
인천대입구,2023-12-04,17438,8630,8808
센트럴파크(재외동포청),2023-12-04,7167,3585,3582
국제업무지구,2023-12-04,3717,1897,1820
송도달빛축제공원,2023-12-04,9993,4999,4994
계양,2023-12-05,7949,3981,3968
귤현,2023-12-05,2646,1033,1613
박촌,2023-12-05,7985,4164,3821
임학,2023-12-05,16435,8275,8160
계산,2023-12-05,20982,10652,10330
경인교대입구,2023-12-05,11208,5675,5533
작전,2023-12-05,28937,14682,14255
갈산,2023-12-05,19550,9910,9640
부평구청,2023-12-05,14043,6890,7153
부평시장,2023-12-05,27468,13798,13670
부평,2023-12-05,12488,6241,6247
동수,2023-12-05,8466,4284,4182
부평삼거리,2023-12-05,5313,2655,2658
간석오거리,2023-12-05,22009,11454,10555
인천시청,2023-12-05,11424,5761,5663
예술회관,2023-12-05,23578,11631,11947
인천터미널,2023-12-05,26274,12833,13441
문학경기장,2023-12-05,3857,1967,1890
선학,2023-12-05,12655,6354,6301
신연수,2023-12-05,11746,5981,5765
원인재,2023-12-05,5696,3039,2657
동춘,2023-12-05,20628,10125,10503
동막,2023-12-05,10742,5664,5078
캠퍼스타운,2023-12-05,12276,6156,6120
테크노파크,2023-12-05,21045,10507,10538
지식정보단지,2023-12-05,10735,5252,5483
인천대입구,2023-12-05,19153,9587,9566
센트럴파크(재외동포청),2023-12-05,7993,4023,3970
국제업무지구,2023-12-05,3791,1901,1890
송도달빛축제공원,2023-12-05,10225,5138,5087
계양,2023-12-06,7705,3875,3830
귤현,2023-12-06,2507,980,1527
박촌,2023-12-06,7944,4148,3796
임학,2023-12-06,16275,8216,8059
계산,2023-12-06,21175,10763,10412
경인교대입구,2023-12-06,10816,5487,5329
작전,2023-12-06,27834,14107,13727
갈산,2023-12-06,19443,9838,9605
부평구청,2023-12-06,13735,6716,7019
부평시장,2023-12-06,26388,13175,13213
부평,2023-12-06,12406,6219,6187
동수,2023-12-06,8229,4171,4058
부평삼거리,2023-12-06,4997,2504,2493
간석오거리,2023-12-06,21574,11270,10304
인천시청,2023-12-06,11260,5669,5591
예술회관,2023-12-06,24581,12104,12477
인천터미널,2023-12-06,25011,12323,12688
문학경기장,2023-12-06,3727,1898,1829
선학,2023-12-06,12431,6209,6222
신연수,2023-12-06,11289,5739,5550
원인재,2023-12-06,5582,2945,2637
동춘,2023-12-06,20219,9882,10337
동막,2023-12-06,11213,5999,5214
캠퍼스타운,2023-12-06,12002,5971,6031
테크노파크,2023-12-06,21528,10838,10690
지식정보단지,2023-12-06,10695,5219,5476
인천대입구,2023-12-06,17257,8642,8615
센트럴파크(재외동포청),2023-12-06,7331,3659,3672
국제업무지구,2023-12-06,3694,1851,1843
송도달빛축제공원,2023-12-06,9897,4936,4961
계양,2023-12-07,7908,3978,3930
귤현,2023-12-07,2515,981,1534
박촌,2023-12-07,7989,4186,3803
임학,2023-12-07,16665,8408,8257
계산,2023-12-07,21967,11214,10753
경인교대입구,2023-12-07,11447,5774,5673
작전,2023-12-07,28831,14516,14315
갈산,2023-12-07,20074,10199,9875
부평구청,2023-12-07,14278,7065,7213
부평시장,2023-12-07,27702,13859,13843
부평,2023-12-07,12998,6500,6498
동수,2023-12-07,8387,4233,4154
부평삼거리,2023-12-07,5469,2781,2688
간석오거리,2023-12-07,22025,11514,10511
인천시청,2023-12-07,11610,5853,5757
예술회관,2023-12-07,24732,12115,12617
인천터미널,2023-12-07,27575,13615,13960
문학경기장,2023-12-07,3861,1953,1908
선학,2023-12-07,12661,6368,6293
신연수,2023-12-07,11703,5946,5757
원인재,2023-12-07,5913,3093,2820
동춘,2023-12-07,21185,10395,10790
동막,2023-12-07,10735,5609,5126
캠퍼스타운,2023-12-07,12785,6607,6178
테크노파크,2023-12-07,22028,10927,11101
지식정보단지,2023-12-07,10706,5236,5470
인천대입구,2023-12-07,17680,8821,8859
센트럴파크(재외동포청),2023-12-07,7907,3950,3957
국제업무지구,2023-12-07,3874,1989,1885
송도달빛축제공원,2023-12-07,10434,5255,5179
계양,2023-12-08,8277,4124,4153
귤현,2023-12-08,2636,1056,1580
박촌,2023-12-08,8167,4307,3860
임학,2023-12-08,17244,8721,8523
계산,2023-12-08,22207,11398,10809
경인교대입구,2023-12-08,11719,5941,5778
작전,2023-12-08,29866,15186,14680
갈산,2023-12-08,19981,10243,9738
부평구청,2023-12-08,14197,7009,7188
부평시장,2023-12-08,28471,14150,14321
부평,2023-12-08,14737,7063,7674
동수,2023-12-08,8574,4408,4166
부평삼거리,2023-12-08,5487,2757,2730
간석오거리,2023-12-08,22541,11823,10718
인천시청,2023-12-08,12396,6264,6132
예술회관,2023-12-08,26473,12694,13779
인천터미널,2023-12-08,31376,15131,16245
문학경기장,2023-12-08,3839,1978,1861
선학,2023-12-08,13340,6703,6637
신연수,2023-12-08,11578,5986,5592
원인재,2023-12-08,5949,3135,2814
동춘,2023-12-08,21889,10772,11117
동막,2023-12-08,11118,5846,5272
캠퍼스타운,2023-12-08,12751,6583,6168
테크노파크,2023-12-08,22818,11403,11415
지식정보단지,2023-12-08,10522,5125,5397
인천대입구,2023-12-08,17429,8756,8673
센트럴파크(재외동포청),2023-12-08,8412,4202,4210
국제업무지구,2023-12-08,3723,1884,1839
송도달빛축제공원,2023-12-08,10885,5541,5344
계양,2023-12-09,6590,3162,3428
귤현,2023-12-09,1665,795,870
박촌,2023-12-09,5963,3190,2773
임학,2023-12-09,12757,6545,6212
계산,2023-12-09,18699,9350,9349
경인교대입구,2023-12-09,9466,4755,4711
작전,2023-12-09,23208,12019,11189
갈산,2023-12-09,10756,5533,5223
부평구청,2023-12-09,10669,5267,5402
부평시장,2023-12-09,20020,9983,10037
부평,2023-12-09,13860,6733,7127
동수,2023-12-09,5584,2873,2711
부평삼거리,2023-12-09,4332,2172,2160
간석오거리,2023-12-09,17104,8909,8195
인천시청,2023-12-09,8176,4190,3986
예술회관,2023-12-09,19125,8943,10182
인천터미널,2023-12-09,29507,14409,15098
문학경기장,2023-12-09,3201,1568,1633
선학,2023-12-09,11057,5580,5477
신연수,2023-12-09,6492,3413,3079
원인재,2023-12-09,3568,1864,1704
동춘,2023-12-09,16445,8191,8254
동막,2023-12-09,7028,3736,3292
캠퍼스타운,2023-12-09,8465,4515,3950
테크노파크,2023-12-09,19820,9818,10002
지식정보단지,2023-12-09,4458,2299,2159
인천대입구,2023-12-09,11796,5831,5965
센트럴파크(재외동포청),2023-12-09,7652,3765,3887
국제업무지구,2023-12-09,1862,992,870
송도달빛축제공원,2023-12-09,8731,4509,4222
계양,2023-12-10,4616,2175,2441
귤현,2023-12-10,1065,476,589
박촌,2023-12-10,4242,2251,1991
임학,2023-12-10,9243,4690,4553
계산,2023-12-10,13882,6833,7049
경인교대입구,2023-12-10,7466,3752,3714
작전,2023-12-10,14924,7669,7255
갈산,2023-12-10,7095,3689,3406
부평구청,2023-12-10,7313,3557,3756
부평시장,2023-12-10,14918,7461,7457
부평,2023-12-10,9398,4914,4484
동수,2023-12-10,4108,2058,2050
부평삼거리,2023-12-10,3342,1645,1697
간석오거리,2023-12-10,12135,6351,5784
인천시청,2023-12-10,5696,2875,2821
예술회관,2023-12-10,12466,6027,6439
인천터미널,2023-12-10,23510,11810,11700
문학경기장,2023-12-10,2022,982,1040
선학,2023-12-10,8217,4106,4111
신연수,2023-12-10,4647,2379,2268
원인재,2023-12-10,2438,1273,1165
동춘,2023-12-10,9420,4668,4752
동막,2023-12-10,4653,2396,2257
캠퍼스타운,2023-12-10,6128,3016,3112
테크노파크,2023-12-10,15285,7486,7799
지식정보단지,2023-12-10,2784,1381,1403
인천대입구,2023-12-10,8243,3960,4283
센트럴파크(재외동포청),2023-12-10,4675,2323,2352
국제업무지구,2023-12-10,833,420,413
송도달빛축제공원,2023-12-10,6264,3147,3117
계양,2023-12-11,7268,3660,3608
귤현,2023-12-11,2320,915,1405
박촌,2023-12-11,7400,3865,3535
임학,2023-12-11,15349,7723,7626
계산,2023-12-11,19304,9847,9457
경인교대입구,2023-12-11,10660,5341,5319
작전,2023-12-11,26521,13439,13082
갈산,2023-12-11,18796,9506,9290
부평구청,2023-12-11,13009,6409,6600
부평시장,2023-12-11,25138,12578,12560
부평,2023-12-11,12131,6126,6005
동수,2023-12-11,8086,4089,3997
부평삼거리,2023-12-11,4819,2480,2339
간석오거리,2023-12-11,20589,10706,9883
인천시청,2023-12-11,10549,5340,5209
예술회관,2023-12-11,23527,11714,11813
인천터미널,2023-12-11,24257,11715,12542
문학경기장,2023-12-11,3546,1767,1779
선학,2023-12-11,11300,5636,5664
신연수,2023-12-11,10625,5353,5272
원인재,2023-12-11,5183,2747,2436
동춘,2023-12-11,19046,9255,9791
동막,2023-12-11,10103,5383,4720
캠퍼스타운,2023-12-11,11350,5630,5720
테크노파크,2023-12-11,20197,10134,10063
지식정보단지,2023-12-11,10043,4927,5116
인천대입구,2023-12-11,16127,8060,8067
센트럴파크(재외동포청),2023-12-11,6515,3244,3271
국제업무지구,2023-12-11,3596,1858,1738
송도달빛축제공원,2023-12-11,9201,4637,4564
계양,2023-12-12,7936,4001,3935
귤현,2023-12-12,2486,990,1496
박촌,2023-12-12,7901,4147,3754
임학,2023-12-12,16431,8303,8128
계산,2023-12-12,20600,10464,10136
경인교대입구,2023-12-12,11252,5650,5602
작전,2023-12-12,28704,14572,14132
갈산,2023-12-12,19606,9909,9697
부평구청,2023-12-12,13849,6731,7118
부평시장,2023-12-12,27107,13462,13645
부평,2023-12-12,13230,6669,6561
동수,2023-12-12,8459,4318,4141
부평삼거리,2023-12-12,5290,2650,2640
간석오거리,2023-12-12,22109,11512,10597
인천시청,2023-12-12,11404,5712,5692
예술회관,2023-12-12,24739,12100,12639
인천터미널,2023-12-12,26631,13066,13565
문학경기장,2023-12-12,3923,2005,1918
선학,2023-12-12,12779,6368,6411
신연수,2023-12-12,11585,5899,5686
원인재,2023-12-12,5463,2903,2560
동춘,2023-12-12,20587,10121,10466
동막,2023-12-12,11132,5960,5172
캠퍼스타운,2023-12-12,11915,5982,5933
테크노파크,2023-12-12,21316,10623,10693
지식정보단지,2023-12-12,10707,5209,5498
인천대입구,2023-12-12,17350,8708,8642
센트럴파크(재외동포청),2023-12-12,8103,4025,4078
국제업무지구,2023-12-12,3783,1927,1856
송도달빛축제공원,2023-12-12,10177,5082,5095
계양,2023-12-13,8113,4076,4037
귤현,2023-12-13,2521,1013,1508
박촌,2023-12-13,8101,4242,3859
임학,2023-12-13,16642,8370,8272
계산,2023-12-13,20790,10509,10281
경인교대입구,2023-12-13,11319,5673,5646
작전,2023-12-13,28953,14725,14228
갈산,2023-12-13,19872,10026,9846
부평구청,2023-12-13,14043,6863,7180
부평시장,2023-12-13,27974,14013,13961
부평,2023-12-13,13201,6561,6640
동수,2023-12-13,8371,4268,4103
부평삼거리,2023-12-13,5475,2730,2745
간석오거리,2023-12-13,21959,11483,10476
인천시청,2023-12-13,11874,5976,5898
예술회관,2023-12-13,25634,12657,12977
인천터미널,2023-12-13,27204,13413,13791
문학경기장,2023-12-13,3797,1924,1873
선학,2023-12-13,12977,6493,6484
신연수,2023-12-13,11787,6020,5767
원인재,2023-12-13,5812,3070,2742
동춘,2023-12-13,21562,10563,10999
동막,2023-12-13,10937,5817,5120
캠퍼스타운,2023-12-13,12090,6116,5974
테크노파크,2023-12-13,22271,11169,11102
지식정보단지,2023-12-13,10690,5261,5429
인천대입구,2023-12-13,17822,8982,8840
센트럴파크(재외동포청),2023-12-13,7787,3913,3874
국제업무지구,2023-12-13,3822,1972,1850
송도달빛축제공원,2023-12-13,10683,5325,5358
계양,2023-12-14,7643,3833,3810
귤현,2023-12-14,2446,987,1459
박촌,2023-12-14,7904,4089,3815
임학,2023-12-14,16120,8099,8021
계산,2023-12-14,19848,10080,9768
경인교대입구,2023-12-14,11293,5707,5586
작전,2023-12-14,27545,13912,13633
갈산,2023-12-14,19377,9852,9525
부평구청,2023-12-14,13537,6627,6910
부평시장,2023-12-14,26464,13197,13267
부평,2023-12-14,13086,6623,6463
동수,2023-12-14,8225,4136,4089
부평삼거리,2023-12-14,5006,2532,2474
간석오거리,2023-12-14,21268,11080,10188
인천시청,2023-12-14,10924,5493,5431
예술회관,2023-12-14,23825,11697,12128
인천터미널,2023-12-14,26210,13070,13140
문학경기장,2023-12-14,3556,1798,1758
선학,2023-12-14,12511,6220,6291
신연수,2023-12-14,11046,5589,5457
원인재,2023-12-14,5394,2832,2562
동춘,2023-12-14,20441,9971,10470
동막,2023-12-14,10919,5766,5153
캠퍼스타운,2023-12-14,11929,6076,5853
테크노파크,2023-12-14,22156,11087,11069
지식정보단지,2023-12-14,10319,4966,5353
인천대입구,2023-12-14,17475,8810,8665
센트럴파크(재외동포청),2023-12-14,7866,3912,3954
국제업무지구,2023-12-14,3672,1862,1810
송도달빛축제공원,2023-12-14,9760,4908,4852
계양,2023-12-15,7769,3818,3951
귤현,2023-12-15,2349,947,1402
박촌,2023-12-15,7756,4066,3690
임학,2023-12-15,16283,8195,8088
계산,2023-12-15,20414,10372,10042
경인교대입구,2023-12-15,11974,6042,5932
작전,2023-12-15,27972,14219,13753
갈산,2023-12-15,19217,9738,9479
부평구청,2023-12-15,13438,6600,6838
부평시장,2023-12-15,26925,13443,13482
부평,2023-12-15,14574,7144,7430
동수,2023-12-15,8163,4175,3988
부평삼거리,2023-12-15,4808,2476,2332
간석오거리,2023-12-15,21401,11240,10161
인천시청,2023-12-15,11600,5857,5743
예술회관,2023-12-15,25457,12157,13300
인천터미널,2023-12-15,30352,14864,15488
문학경기장,2023-12-15,3673,1921,1752
선학,2023-12-15,12944,6566,6378
신연수,2023-12-15,10747,5441,5306
원인재,2023-12-15,5479,2845,2634
동춘,2023-12-15,20859,10169,10690
동막,2023-12-15,10715,5629,5086
캠퍼스타운,2023-12-15,11759,6118,5641
테크노파크,2023-12-15,22957,11439,11518
지식정보단지,2023-12-15,10189,5024,5165
인천대입구,2023-12-15,16297,8172,8125
센트럴파크(재외동포청),2023-12-15,8076,4011,4065
국제업무지구,2023-12-15,3691,1914,1777
송도달빛축제공원,2023-12-15,10336,5230,5106
계양,2023-12-16,6048,2888,3160
귤현,2023-12-16,1598,753,845
박촌,2023-12-16,5831,3093,2738
임학,2023-12-16,12789,6518,6271
계산,2023-12-16,18784,9432,9352
경인교대입구,2023-12-16,9399,4744,4655
작전,2023-12-16,23106,11771,11335
갈산,2023-12-16,10674,5494,5180
부평구청,2023-12-16,10636,5199,5437
부평시장,2023-12-16,19937,9916,10021
부평,2023-12-16,14476,7256,7220
동수,2023-12-16,5685,2922,2763
부평삼거리,2023-12-16,4238,2123,2115
간석오거리,2023-12-16,16861,8741,8120
인천시청,2023-12-16,7720,4002,3718
예술회관,2023-12-16,19323,9063,10260
인천터미널,2023-12-16,30821,15067,15754
문학경기장,2023-12-16,2820,1395,1425
선학,2023-12-16,11071,5635,5436
신연수,2023-12-16,6176,3263,2913
원인재,2023-12-16,3620,1914,1706
동춘,2023-12-16,16344,8210,8134
동막,2023-12-16,7236,3816,3420
캠퍼스타운,2023-12-16,8758,4580,4178
테크노파크,2023-12-16,19589,9661,9928
지식정보단지,2023-12-16,4569,2340,2229
인천대입구,2023-12-16,12254,5963,6291
센트럴파크(재외동포청),2023-12-16,7102,3423,3679
국제업무지구,2023-12-16,1835,1010,825
송도달빛축제공원,2023-12-16,8005,4077,3928
계양,2023-12-17,3783,1698,2085
귤현,2023-12-17,992,447,545
박촌,2023-12-17,3842,1979,1863
임학,2023-12-17,8370,4189,4181
계산,2023-12-17,11823,5860,5963
경인교대입구,2023-12-17,6887,3534,3353
작전,2023-12-17,14111,7162,6949
갈산,2023-12-17,6156,3212,2944
부평구청,2023-12-17,6705,3247,3458
부평시장,2023-12-17,13488,6748,6740
부평,2023-12-17,9498,5077,4421
동수,2023-12-17,3971,2015,1956
부평삼거리,2023-12-17,2699,1347,1352
간석오거리,2023-12-17,11464,6032,5432
인천시청,2023-12-17,4888,2499,2389
예술회관,2023-12-17,11392,5466,5926
인천터미널,2023-12-17,22392,11210,11182
문학경기장,2023-12-17,1311,647,664
선학,2023-12-17,7738,3843,3895
신연수,2023-12-17,4241,2190,2051
원인재,2023-12-17,2124,1099,1025
동춘,2023-12-17,11006,5384,5622
동막,2023-12-17,4380,2205,2175
캠퍼스타운,2023-12-17,5579,2751,2828
테크노파크,2023-12-17,15066,7528,7538
지식정보단지,2023-12-17,2745,1347,1398
인천대입구,2023-12-17,7678,3751,3927
센트럴파크(재외동포청),2023-12-17,4934,2394,2540
국제업무지구,2023-12-17,698,374,324
송도달빛축제공원,2023-12-17,5504,2701,2803
계양,2023-12-18,7193,3567,3626
귤현,2023-12-18,2201,896,1305
박촌,2023-12-18,7415,3894,3521
임학,2023-12-18,15203,7706,7497
계산,2023-12-18,18454,9340,9114
경인교대입구,2023-12-18,10031,5047,4984
작전,2023-12-18,26734,13641,13093
갈산,2023-12-18,18756,9418,9338
부평구청,2023-12-18,12795,6254,6541
부평시장,2023-12-18,25598,12777,12821
부평,2023-12-18,12788,6510,6278
동수,2023-12-18,8056,4105,3951
부평삼거리,2023-12-18,4756,2415,2341
간석오거리,2023-12-18,20410,10603,9807
인천시청,2023-12-18,10680,5439,5241
예술회관,2023-12-18,23360,11549,11811
인천터미널,2023-12-18,26210,12741,13469
문학경기장,2023-12-18,3542,1762,1780
선학,2023-12-18,11721,5821,5900
신연수,2023-12-18,10442,5366,5076
원인재,2023-12-18,4990,2633,2357
동춘,2023-12-18,19451,9494,9957
동막,2023-12-18,9987,5311,4676
캠퍼스타운,2023-12-18,11419,5719,5700
테크노파크,2023-12-18,21061,10588,10473
지식정보단지,2023-12-18,9578,4604,4974
인천대입구,2023-12-18,14795,7242,7553
센트럴파크(재외동포청),2023-12-18,6998,3516,3482
국제업무지구,2023-12-18,3712,1920,1792
송도달빛축제공원,2023-12-18,9405,4734,4671
계양,2023-12-19,7557,3826,3731
귤현,2023-12-19,2302,928,1374
박촌,2023-12-19,7746,4026,3720
임학,2023-12-19,16280,8194,8086
계산,2023-12-19,19543,9888,9655
경인교대입구,2023-12-19,10475,5249,5226
작전,2023-12-19,28242,14317,13925
갈산,2023-12-19,19422,9794,9628
부평구청,2023-12-19,13901,6748,7153
부평시장,2023-12-19,27146,13521,13625
부평,2023-12-19,13080,6625,6455
동수,2023-12-19,8225,4167,4058
부평삼거리,2023-12-19,5100,2569,2531
간석오거리,2023-12-19,21935,11416,10519
인천시청,2023-12-19,11200,5637,5563
예술회관,2023-12-19,24684,12221,12463
인천터미널,2023-12-19,27033,13205,13828
문학경기장,2023-12-19,3598,1812,1786
선학,2023-12-19,12594,6260,6334
신연수,2023-12-19,10865,5577,5288
원인재,2023-12-19,5292,2782,2510
동춘,2023-12-19,20769,10153,10616
동막,2023-12-19,11001,5839,5162
캠퍼스타운,2023-12-19,11798,5932,5866
테크노파크,2023-12-19,22044,11156,10888
지식정보단지,2023-12-19,10012,4763,5249
인천대입구,2023-12-19,15521,7737,7784
센트럴파크(재외동포청),2023-12-19,7644,3822,3822
국제업무지구,2023-12-19,3755,1914,1841
송도달빛축제공원,2023-12-19,9871,4940,4931
계양,2023-12-20,7947,4001,3946
귤현,2023-12-20,2417,997,1420
박촌,2023-12-20,8525,4490,4035
임학,2023-12-20,16464,8326,8138
계산,2023-12-20,19979,10151,9828
경인교대입구,2023-12-20,10842,5460,5382
작전,2023-12-20,28499,14469,14030
갈산,2023-12-20,20304,10258,10046
부평구청,2023-12-20,14090,6891,7199
부평시장,2023-12-20,26960,13484,13476
부평,2023-12-20,13927,7041,6886
동수,2023-12-20,8580,4333,4247
부평삼거리,2023-12-20,5105,2594,2511
간석오거리,2023-12-20,22128,11495,10633
인천시청,2023-12-20,11826,5959,5867
예술회관,2023-12-20,25681,12643,13038
인천터미널,2023-12-20,27853,13673,14180
문학경기장,2023-12-20,3518,1822,1696
선학,2023-12-20,12997,6526,6471
신연수,2023-12-20,11357,5731,5626
원인재,2023-12-20,5044,2635,2409
동춘,2023-12-20,21972,10624,11348
동막,2023-12-20,11468,6064,5404
캠퍼스타운,2023-12-20,12894,6539,6355
테크노파크,2023-12-20,22913,11437,11476
지식정보단지,2023-12-20,10511,5016,5495
인천대입구,2023-12-20,15355,7617,7738
센트럴파크(재외동포청),2023-12-20,7691,3881,3810
국제업무지구,2023-12-20,4004,2045,1959
송도달빛축제공원,2023-12-20,10380,5256,5124
계양,2023-12-21,7060,3457,3603
귤현,2023-12-21,2185,882,1303
박촌,2023-12-21,7433,3835,3598
임학,2023-12-21,15058,7612,7446
계산,2023-12-21,18404,9381,9023
경인교대입구,2023-12-21,10156,5071,5085
작전,2023-12-21,26498,13477,13021
갈산,2023-12-21,18800,9437,9363
부평구청,2023-12-21,12651,6188,6463
부평시장,2023-12-21,25374,12637,12737
부평,2023-12-21,12883,6618,6265
동수,2023-12-21,7704,3932,3772
부평삼거리,2023-12-21,4562,2302,2260
간석오거리,2023-12-21,20496,10619,9877
인천시청,2023-12-21,10685,5409,5276
예술회관,2023-12-21,23463,11533,11930
인천터미널,2023-12-21,25791,12682,13109
문학경기장,2023-12-21,3273,1659,1614
선학,2023-12-21,11966,5968,5998
신연수,2023-12-21,10461,5347,5114
원인재,2023-12-21,4543,2393,2150
동춘,2023-12-21,20468,10010,10458
동막,2023-12-21,10553,5528,5025
캠퍼스타운,2023-12-21,11434,5834,5600
테크노파크,2023-12-21,21327,10655,10672
지식정보단지,2023-12-21,9588,4601,4987
인천대입구,2023-12-21,14183,7125,7058
센트럴파크(재외동포청),2023-12-21,7156,3578,3578
국제업무지구,2023-12-21,3658,1836,1822
송도달빛축제공원,2023-12-21,9256,4606,4650
계양,2023-12-22,7306,3625,3681
귤현,2023-12-22,2228,936,1292
박촌,2023-12-22,7840,4142,3698
임학,2023-12-22,15611,7887,7724
계산,2023-12-22,19056,9675,9381
경인교대입구,2023-12-22,10811,5367,5444
작전,2023-12-22,27223,13926,13297
갈산,2023-12-22,19050,9615,9435
부평구청,2023-12-22,13007,6434,6573
부평시장,2023-12-22,26178,13030,13148
부평,2023-12-22,14972,7443,7529
동수,2023-12-22,8023,4073,3950
부평삼거리,2023-12-22,5110,2645,2465
간석오거리,2023-12-22,21263,11168,10095
인천시청,2023-12-22,10643,5390,5253
예술회관,2023-12-22,25264,12097,13167
인천터미널,2023-12-22,30038,14689,15349
문학경기장,2023-12-22,3349,1737,1612
선학,2023-12-22,12840,6473,6367
신연수,2023-12-22,10471,5339,5132
원인재,2023-12-22,5041,2655,2386
동춘,2023-12-22,21565,10424,11141
동막,2023-12-22,10452,5585,4867
캠퍼스타운,2023-12-22,11724,6011,5713
테크노파크,2023-12-22,23057,11431,11626
지식정보단지,2023-12-22,9284,4536,4748
인천대입구,2023-12-22,14296,7078,7218
센트럴파크(재외동포청),2023-12-22,7820,3786,4034
국제업무지구,2023-12-22,3593,1872,1721
송도달빛축제공원,2023-12-22,9741,4972,4769
계양,2023-12-23,5374,2529,2845
귤현,2023-12-23,1327,613,714
박촌,2023-12-23,5169,2757,2412
임학,2023-12-23,11645,5964,5681
계산,2023-12-23,15670,7911,7759
경인교대입구,2023-12-23,8649,4333,4316
작전,2023-12-23,20941,10778,10163
갈산,2023-12-23,9453,4893,4560
부평구청,2023-12-23,9534,4711,4823
부평시장,2023-12-23,18024,9049,8975
부평,2023-12-23,13565,6771,6794
동수,2023-12-23,5376,2757,2619
부평삼거리,2023-12-23,3747,1899,1848
간석오거리,2023-12-23,16143,8470,7673
인천시청,2023-12-23,6746,3463,3283
예술회관,2023-12-23,17530,8337,9193
인천터미널,2023-12-23,29482,14278,15204
문학경기장,2023-12-23,2385,1157,1228
선학,2023-12-23,10291,5246,5045
신연수,2023-12-23,6000,3112,2888
원인재,2023-12-23,3067,1599,1468
동춘,2023-12-23,16370,8116,8254
동막,2023-12-23,6809,3471,3338
캠퍼스타운,2023-12-23,7542,3951,3591
테크노파크,2023-12-23,20995,10454,10541
지식정보단지,2023-12-23,3941,2032,1909
인천대입구,2023-12-23,11994,6002,5992
센트럴파크(재외동포청),2023-12-23,7151,3529,3622
국제업무지구,2023-12-23,1687,923,764
송도달빛축제공원,2023-12-23,7530,3775,3755
계양,2023-12-24,4230,1891,2339
귤현,2023-12-24,1047,472,575
박촌,2023-12-24,4672,2434,2238
임학,2023-12-24,9890,5101,4789
계산,2023-12-24,13085,6638,6447
경인교대입구,2023-12-24,7568,3836,3732
작전,2023-12-24,15755,8111,7644
갈산,2023-12-24,6999,3683,3316
부평구청,2023-12-24,7387,3647,3740
부평시장,2023-12-24,15560,7759,7801
부평,2023-12-24,12329,6254,6075
동수,2023-12-24,4318,2227,2091
부평삼거리,2023-12-24,3370,1740,1630
간석오거리,2023-12-24,13728,7097,6631
인천시청,2023-12-24,5719,2960,2759
예술회관,2023-12-24,14648,6899,7749
인천터미널,2023-12-24,27067,13298,13769
문학경기장,2023-12-24,1279,621,658
선학,2023-12-24,8680,4389,4291
신연수,2023-12-24,4828,2542,2286
원인재,2023-12-24,2371,1215,1156
동춘,2023-12-24,12083,6008,6075
동막,2023-12-24,4975,2628,2347
캠퍼스타운,2023-12-24,6019,3054,2965
테크노파크,2023-12-24,23875,11889,11986
지식정보단지,2023-12-24,3020,1530,1490
인천대입구,2023-12-24,9249,4487,4762
센트럴파크(재외동포청),2023-12-24,5756,2803,2953
국제업무지구,2023-12-24,837,457,380
송도달빛축제공원,2023-12-24,7190,3526,3664
계양,2023-12-25,4391,1970,2421
귤현,2023-12-25,977,432,545
박촌,2023-12-25,4576,2382,2194
임학,2023-12-25,9543,4859,4684
계산,2023-12-25,12346,6159,6187
경인교대입구,2023-12-25,7241,3651,3590
작전,2023-12-25,15926,8166,7760
갈산,2023-12-25,7103,3680,3423
부평구청,2023-12-25,7290,3547,3743
부평시장,2023-12-25,14554,7222,7332
부평,2023-12-25,12027,6216,5811
동수,2023-12-25,4365,2207,2158
부평삼거리,2023-12-25,3108,1561,1547
간석오거리,2023-12-25,13432,7016,6416
인천시청,2023-12-25,5480,2797,2683
예술회관,2023-12-25,14735,6929,7806
인천터미널,2023-12-25,27227,13664,13563
문학경기장,2023-12-25,1455,747,708
선학,2023-12-25,8422,4192,4230
신연수,2023-12-25,5110,2580,2530
원인재,2023-12-25,2471,1291,1180
동춘,2023-12-25,15329,7691,7638
동막,2023-12-25,4935,2620,2315
캠퍼스타운,2023-12-25,6692,3433,3259
테크노파크,2023-12-25,25298,12652,12646
지식정보단지,2023-12-25,2972,1476,1496
인천대입구,2023-12-25,9551,4577,4974
센트럴파크(재외동포청),2023-12-25,5989,2906,3083
국제업무지구,2023-12-25,1408,728,680
송도달빛축제공원,2023-12-25,7343,3702,3641
계양,2023-12-26,7597,3781,3816
귤현,2023-12-26,2299,917,1382
박촌,2023-12-26,7714,4055,3659
임학,2023-12-26,15573,7855,7718
계산,2023-12-26,18561,9456,9105
경인교대입구,2023-12-26,10110,5110,5000
작전,2023-12-26,27322,13847,13475
갈산,2023-12-26,18681,9431,9250
부평구청,2023-12-26,13391,6601,6790
부평시장,2023-12-26,26667,13340,13327
부평,2023-12-26,12984,6560,6424
동수,2023-12-26,8044,4113,3931
부평삼거리,2023-12-26,5060,2544,2516
간석오거리,2023-12-26,20841,10859,9982
인천시청,2023-12-26,10521,5307,5214
예술회관,2023-12-26,23996,11886,12110
인천터미널,2023-12-26,27721,13561,14160
문학경기장,2023-12-26,3494,1731,1763
선학,2023-12-26,12514,6244,6270
신연수,2023-12-26,10927,5594,5333
원인재,2023-12-26,4917,2577,2340
동춘,2023-12-26,20499,10133,10366
동막,2023-12-26,10146,5365,4781
캠퍼스타운,2023-12-26,11056,5572,5484
테크노파크,2023-12-26,20766,10319,10447
지식정보단지,2023-12-26,9329,4496,4833
인천대입구,2023-12-26,13598,6816,6782
센트럴파크(재외동포청),2023-12-26,7320,3682,3638
국제업무지구,2023-12-26,3841,1965,1876
송도달빛축제공원,2023-12-26,9821,5007,4814
계양,2023-12-27,7556,3754,3802
귤현,2023-12-27,2410,999,1411
박촌,2023-12-27,7903,4119,3784
임학,2023-12-27,16193,8247,7946
계산,2023-12-27,19481,9795,9686
경인교대입구,2023-12-27,10474,5219,5255
작전,2023-12-27,28501,14527,13974
갈산,2023-12-27,19395,9807,9588
부평구청,2023-12-27,13290,6545,6745
부평시장,2023-12-27,27445,13632,13813
부평,2023-12-27,13703,6904,6799
동수,2023-12-27,8176,4142,4034
부평삼거리,2023-12-27,5072,2536,2536
간석오거리,2023-12-27,21221,11058,10163
인천시청,2023-12-27,11306,5728,5578
예술회관,2023-12-27,24584,12014,12570
인천터미널,2023-12-27,27636,13515,14121
문학경기장,2023-12-27,3715,1881,1834
선학,2023-12-27,12820,6445,6375
신연수,2023-12-27,10729,5519,5210
원인재,2023-12-27,5199,2745,2454
동춘,2023-12-27,20524,10004,10520
동막,2023-12-27,11325,6079,5246
캠퍼스타운,2023-12-27,11371,5758,5613
테크노파크,2023-12-27,21412,10640,10772
지식정보단지,2023-12-27,9552,4664,4888
인천대입구,2023-12-27,14127,7026,7101
센트럴파크(재외동포청),2023-12-27,7255,3642,3613
국제업무지구,2023-12-27,4065,2055,2010
송도달빛축제공원,2023-12-27,10176,5095,5081
계양,2023-12-28,7467,3727,3740
귤현,2023-12-28,2293,951,1342
박촌,2023-12-28,7678,4028,3650
임학,2023-12-28,15896,7999,7897
계산,2023-12-28,19236,9736,9500
경인교대입구,2023-12-28,10764,5431,5333
작전,2023-12-28,27908,14307,13601
갈산,2023-12-28,18955,9542,9413
부평구청,2023-12-28,13092,6409,6683
부평시장,2023-12-28,27060,13599,13461
부평,2023-12-28,13719,6947,6772
동수,2023-12-28,8031,4068,3963
부평삼거리,2023-12-28,5106,2615,2491
간석오거리,2023-12-28,21157,11054,10103
인천시청,2023-12-28,11236,5669,5567
예술회관,2023-12-28,24426,11835,12591
인천터미널,2023-12-28,28142,13781,14361
문학경기장,2023-12-28,3456,1782,1674
선학,2023-12-28,12654,6402,6252
신연수,2023-12-28,10413,5318,5095
원인재,2023-12-28,5175,2707,2468
동춘,2023-12-28,20158,9845,10313
동막,2023-12-28,10226,5457,4769
캠퍼스타운,2023-12-28,11104,5625,5479
테크노파크,2023-12-28,21381,10612,10769
지식정보단지,2023-12-28,9225,4430,4795
인천대입구,2023-12-28,13421,6680,6741
센트럴파크(재외동포청),2023-12-28,7402,3673,3729
국제업무지구,2023-12-28,3895,1935,1960
송도달빛축제공원,2023-12-28,9901,4982,4919
계양,2023-12-29,7522,3781,3741
귤현,2023-12-29,2293,931,1362
박촌,2023-12-29,8063,4245,3818
임학,2023-12-29,16277,8243,8034
계산,2023-12-29,19665,9907,9758
경인교대입구,2023-12-29,10892,5521,5371
작전,2023-12-29,28589,14630,13959
갈산,2023-12-29,18283,9313,8970
부평구청,2023-12-29,13238,6562,6676
부평시장,2023-12-29,27474,13667,13807
부평,2023-12-29,15370,7574,7796
동수,2023-12-29,8031,4081,3950
부평삼거리,2023-12-29,5222,2664,2558
간석오거리,2023-12-29,21454,11273,10181
인천시청,2023-12-29,10633,5399,5234
예술회관,2023-12-29,25234,11920,13314
인천터미널,2023-12-29,31780,15213,16567
문학경기장,2023-12-29,3345,1690,1655
선학,2023-12-29,13074,6532,6542
신연수,2023-12-29,10197,5250,4947
원인재,2023-12-29,4919,2570,2349
동춘,2023-12-29,20476,10026,10450
동막,2023-12-29,9985,5378,4607
캠퍼스타운,2023-12-29,11153,5717,5436
테크노파크,2023-12-29,21829,10897,10932
지식정보단지,2023-12-29,8603,4284,4319
인천대입구,2023-12-29,14026,7048,6978
센트럴파크(재외동포청),2023-12-29,7963,3974,3989
국제업무지구,2023-12-29,3482,1807,1675
송도달빛축제공원,2023-12-29,10183,5215,4968
계양,2023-12-30,5216,2555,2661
귤현,2023-12-30,1458,677,781
박촌,2023-12-30,5394,2890,2504
임학,2023-12-30,11439,5861,5578
계산,2023-12-30,14476,7339,7137
경인교대입구,2023-12-30,8067,4013,4054
작전,2023-12-30,20167,10252,9915
갈산,2023-12-30,8695,4444,4251
부평구청,2023-12-30,8919,4332,4587
부평시장,2023-12-30,17186,8600,8586
부평,2023-12-30,12652,6422,6230
동수,2023-12-30,4920,2533,2387
부평삼거리,2023-12-30,3615,1798,1817
간석오거리,2023-12-30,15027,7749,7278
인천시청,2023-12-30,6428,3371,3057
예술회관,2023-12-30,16561,7636,8925
인천터미널,2023-12-30,27745,13236,14509
문학경기장,2023-12-30,2147,1081,1066
선학,2023-12-30,9767,4935,4832
신연수,2023-12-30,5425,2821,2604
원인재,2023-12-30,2741,1383,1358
동춘,2023-12-30,14245,6989,7256
동막,2023-12-30,6007,3175,2832
캠퍼스타운,2023-12-30,7089,3673,3416
테크노파크,2023-12-30,17946,8851,9095
지식정보단지,2023-12-30,3626,1807,1819
인천대입구,2023-12-30,11084,5491,5593
센트럴파크(재외동포청),2023-12-30,6326,3139,3187
국제업무지구,2023-12-30,1599,869,730
송도달빛축제공원,2023-12-30,7106,3445,3661
계양,2023-12-31,3985,1915,2070
귤현,2023-12-31,978,445,533
박촌,2023-12-31,4018,2189,1829
임학,2023-12-31,8837,4519,4318
계산,2023-12-31,11377,5838,5539
경인교대입구,2023-12-31,6937,3442,3495
작전,2023-12-31,14155,7289,6866
갈산,2023-12-31,6110,3220,2890
부평구청,2023-12-31,6711,3301,3410
부평시장,2023-12-31,14324,7172,7152
부평,2023-12-31,10377,5076,5301
동수,2023-12-31,4106,2151,1955
부평삼거리,2023-12-31,3487,1777,1710
간석오거리,2023-12-31,12647,6700,5947
인천시청,2023-12-31,5082,2687,2395
예술회관,2023-12-31,15863,7151,8712
인천터미널,2023-12-31,23571,11326,12245
문학경기장,2023-12-31,1160,574,586
선학,2023-12-31,8016,4041,3975
신연수,2023-12-31,4459,2387,2072
원인재,2023-12-31,2313,1162,1151
동춘,2023-12-31,12223,6092,6131
동막,2023-12-31,4301,2313,1988
캠퍼스타운,2023-12-31,5438,2856,2582
테크노파크,2023-12-31,15886,7841,8045
지식정보단지,2023-12-31,2572,1350,1222
인천대입구,2023-12-31,7684,3755,3929
센트럴파크(재외동포청),2023-12-31,5555,2748,2807
국제업무지구,2023-12-31,627,322,305
송도달빛축제공원,2023-12-31,6119,3033,3086
계양,2024-01-01,3620,1626,1994
귤현,2024-01-01,799,381,418
박촌,2024-01-01,3134,1640,1494
임학,2024-01-01,7151,3608,3543
계산,2024-01-01,12883,6293,6590
경인교대입구,2024-01-01,5229,2640,2589
작전,2024-01-01,11084,5537,5547
갈산,2024-01-01,5159,2623,2536
부평구청,2024-01-01,5679,2789,2890
부평시장,2024-01-01,11157,5493,5664
부평,2024-01-01,7751,4151,3600
동수,2024-01-01,2945,1485,1460
부평삼거리,2024-01-01,4461,2216,2245
간석오거리,2024-01-01,10626,5520,5106
인천시청,2024-01-01,4121,2063,2058
예술회관,2024-01-01,10164,5064,5100
인천터미널,2024-01-01,16711,8902,7809
문학경기장,2024-01-01,973,496,477
선학,2024-01-01,6782,3216,3566
신연수,2024-01-01,3578,1789,1789
원인재,2024-01-01,1868,975,893
동춘,2024-01-01,10768,5298,5470
동막,2024-01-01,3492,1857,1635
캠퍼스타운,2024-01-01,4365,2128,2237
테크노파크,2024-01-01,13690,6815,6875
지식정보단지,2024-01-01,2153,980,1173
인천대입구,2024-01-01,5964,2871,3093
센트럴파크(재외동포청),2024-01-01,3592,1788,1804
국제업무지구,2024-01-01,497,286,211
송도달빛축제공원,2024-01-01,5227,2586,2641
계양,2024-01-02,6969,3478,3491
귤현,2024-01-02,2224,904,1320
박촌,2024-01-02,7035,3651,3384
임학,2024-01-02,15097,7628,7469
계산,2024-01-02,17238,8750,8488
경인교대입구,2024-01-02,9635,4831,4804
작전,2024-01-02,26303,13344,12959
갈산,2024-01-02,17891,9006,8885
부평구청,2024-01-02,12487,6109,6378
부평시장,2024-01-02,25596,12823,12773
부평,2024-01-02,12342,6234,6108
동수,2024-01-02,7778,3959,3819
부평삼거리,2024-01-02,4432,2209,2223
간석오거리,2024-01-02,19750,10250,9500
인천시청,2024-01-02,10451,5321,5130
예술회관,2024-01-02,22578,11039,11539
인천터미널,2024-01-02,25735,12653,13082
문학경기장,2024-01-02,3513,1762,1751
선학,2024-01-02,11292,5701,5591
신연수,2024-01-02,10165,5196,4969
원인재,2024-01-02,5082,2703,2379
동춘,2024-01-02,19014,9345,9669
동막,2024-01-02,9553,5054,4499
캠퍼스타운,2024-01-02,10555,5321,5234
테크노파크,2024-01-02,19619,9781,9838
지식정보단지,2024-01-02,9157,4512,4645
인천대입구,2024-01-02,12555,6163,6392
센트럴파크(재외동포청),2024-01-02,6933,3482,3451
국제업무지구,2024-01-02,3677,1866,1811
송도달빛축제공원,2024-01-02,9430,4799,4631
계양,2024-01-03,7084,3542,3542
귤현,2024-01-03,2254,877,1377
박촌,2024-01-03,7218,3792,3426
임학,2024-01-03,15304,7750,7554
계산,2024-01-03,17841,9061,8780
경인교대입구,2024-01-03,10170,5107,5063
작전,2024-01-03,26518,13434,13084
갈산,2024-01-03,18724,9443,9281
부평구청,2024-01-03,12517,6168,6349
부평시장,2024-01-03,25777,12893,12884
부평,2024-01-03,13009,6552,6457
동수,2024-01-03,8106,4105,4001
부평삼거리,2024-01-03,4578,2284,2294
간석오거리,2024-01-03,20635,10611,10024
인천시청,2024-01-03,10563,5319,5244
예술회관,2024-01-03,22884,11243,11641
인천터미널,2024-01-03,25008,12323,12685
문학경기장,2024-01-03,3405,1726,1679
선학,2024-01-03,11670,5771,5899
신연수,2024-01-03,10335,5280,5055
원인재,2024-01-03,5210,2809,2401
동춘,2024-01-03,19444,9547,9897
동막,2024-01-03,10231,5477,4754
캠퍼스타운,2024-01-03,10760,5419,5341
테크노파크,2024-01-03,20860,10422,10438
지식정보단지,2024-01-03,9655,4711,4944
인천대입구,2024-01-03,13089,6516,6573
센트럴파크(재외동포청),2024-01-03,7068,3543,3525
국제업무지구,2024-01-03,3865,2012,1853
송도달빛축제공원,2024-01-03,9674,4845,4829
계양,2024-01-04,7362,3693,3669
귤현,2024-01-04,2236,883,1353
박촌,2024-01-04,7257,3793,3464
임학,2024-01-04,15549,7795,7754
계산,2024-01-04,18506,9271,9235
경인교대입구,2024-01-04,10275,5146,5129
작전,2024-01-04,26938,13634,13304
갈산,2024-01-04,18546,9378,9168
부평구청,2024-01-04,13014,6417,6597
부평시장,2024-01-04,26522,13225,13297
부평,2024-01-04,13118,6639,6479
동수,2024-01-04,7963,4025,3938
부평삼거리,2024-01-04,4769,2363,2406
간석오거리,2024-01-04,20823,10738,10085
인천시청,2024-01-04,10983,5512,5471
예술회관,2024-01-04,23140,11403,11737
인천터미널,2024-01-04,25541,12504,13037
문학경기장,2024-01-04,3666,1884,1782
선학,2024-01-04,11734,5848,5886
신연수,2024-01-04,10415,5270,5145
원인재,2024-01-04,5308,2875,2433
동춘,2024-01-04,19924,9774,10150
동막,2024-01-04,10209,5439,4770
캠퍼스타운,2024-01-04,11115,5636,5479
테크노파크,2024-01-04,20763,10387,10376
지식정보단지,2024-01-04,9659,4679,4980
인천대입구,2024-01-04,13153,6509,6644
센트럴파크(재외동포청),2024-01-04,7206,3614,3592
국제업무지구,2024-01-04,3965,2022,1943
송도달빛축제공원,2024-01-04,9811,4956,4855
계양,2024-01-05,7405,3732,3673
귤현,2024-01-05,2225,897,1328
박촌,2024-01-05,7314,3905,3409
임학,2024-01-05,16327,8195,8132
계산,2024-01-05,19325,9816,9509
경인교대입구,2024-01-05,10716,5400,5316
작전,2024-01-05,28394,14446,13948
갈산,2024-01-05,19175,9782,9393
부평구청,2024-01-05,13333,6529,6804
부평시장,2024-01-05,27278,13639,13639
부평,2024-01-05,14312,6984,7328
동수,2024-01-05,8280,4256,4024
부평삼거리,2024-01-05,4888,2468,2420
간석오거리,2024-01-05,21276,11053,10223
인천시청,2024-01-05,11137,5627,5510
예술회관,2024-01-05,24609,11701,12908
인천터미널,2024-01-05,29098,14126,14972
문학경기장,2024-01-05,3639,1830,1809
선학,2024-01-05,12507,6226,6281
신연수,2024-01-05,10671,5493,5178
원인재,2024-01-05,5535,2935,2600
동춘,2024-01-05,20912,10242,10670
동막,2024-01-05,10317,5432,4885
캠퍼스타운,2024-01-05,11331,5724,5607
테크노파크,2024-01-05,22608,11426,11182
지식정보단지,2024-01-05,9821,4828,4993
인천대입구,2024-01-05,13891,6901,6990
센트럴파크(재외동포청),2024-01-05,7623,3812,3811
국제업무지구,2024-01-05,3889,2030,1859
송도달빛축제공원,2024-01-05,10664,5433,5231
계양,2024-01-06,5649,2739,2910
귤현,2024-01-06,1482,689,793
박촌,2024-01-06,5383,2826,2557
임학,2024-01-06,11650,5876,5774
계산,2024-01-06,16925,8566,8359
경인교대입구,2024-01-06,8482,4270,4212
작전,2024-01-06,21293,10892,10401
갈산,2024-01-06,9370,4884,4486
부평구청,2024-01-06,9359,4562,4797
부평시장,2024-01-06,18413,9149,9264
부평,2024-01-06,12841,6516,6325
동수,2024-01-06,5325,2690,2635
부평삼거리,2024-01-06,4142,2094,2048
간석오거리,2024-01-06,15791,8180,7611
인천시청,2024-01-06,6992,3605,3387
예술회관,2024-01-06,17101,8069,9032
인천터미널,2024-01-06,27317,13259,14058
문학경기장,2024-01-06,2438,1212,1226
선학,2024-01-06,10127,5093,5034
신연수,2024-01-06,5941,3130,2811
원인재,2024-01-06,3266,1748,1518
동춘,2024-01-06,14448,7157,7291
동막,2024-01-06,6352,3391,2961
캠퍼스타운,2024-01-06,7736,4011,3725
테크노파크,2024-01-06,17598,8692,8906
지식정보단지,2024-01-06,4050,2041,2009
인천대입구,2024-01-06,10202,5048,5154
센트럴파크(재외동포청),2024-01-06,6607,3243,3364
국제업무지구,2024-01-06,1768,943,825
송도달빛축제공원,2024-01-06,7816,3889,3927
계양,2024-01-07,3746,1723,2023
귤현,2024-01-07,932,409,523
박촌,2024-01-07,3893,2008,1885
임학,2024-01-07,8241,4150,4091
계산,2024-01-07,11667,5777,5890
경인교대입구,2024-01-07,6674,3323,3351
작전,2024-01-07,13469,6839,6630
갈산,2024-01-07,6062,3086,2976
부평구청,2024-01-07,6490,3175,3315
부평시장,2024-01-07,13108,6575,6533
부평,2024-01-07,9028,4769,4259
동수,2024-01-07,3818,1961,1857
부평삼거리,2024-01-07,2797,1396,1401
간석오거리,2024-01-07,11409,5861,5548
인천시청,2024-01-07,4987,2534,2453
예술회관,2024-01-07,10767,5248,5519
인천터미널,2024-01-07,20917,10446,10471
문학경기장,2024-01-07,1313,667,646
선학,2024-01-07,7453,3670,3783
신연수,2024-01-07,4062,2057,2005
원인재,2024-01-07,1977,1061,916
동춘,2024-01-07,10343,5130,5213
동막,2024-01-07,4053,2072,1981
캠퍼스타운,2024-01-07,5199,2579,2620
테크노파크,2024-01-07,13475,6727,6748
지식정보단지,2024-01-07,2768,1342,1426
인천대입구,2024-01-07,6752,3267,3485
센트럴파크(재외동포청),2024-01-07,4529,2215,2314
국제업무지구,2024-01-07,705,363,342
송도달빛축제공원,2024-01-07,5528,2739,2789
계양,2024-01-08,6791,3365,3426
귤현,2024-01-08,2140,841,1299
박촌,2024-01-08,6896,3626,3270
임학,2024-01-08,14976,7525,7451
계산,2024-01-08,17321,8806,8515
경인교대입구,2024-01-08,9818,4955,4863
작전,2024-01-08,26086,13168,12918
갈산,2024-01-08,18411,9287,9124
부평구청,2024-01-08,12606,6219,6387
부평시장,2024-01-08,25167,12652,12515
부평,2024-01-08,12426,6274,6152
동수,2024-01-08,7921,4029,3892
부평삼거리,2024-01-08,4269,2140,2129
간석오거리,2024-01-08,19893,10376,9517
인천시청,2024-01-08,9955,5016,4939
예술회관,2024-01-08,22443,11104,11339
인천터미널,2024-01-08,24213,11853,12360
문학경기장,2024-01-08,3437,1756,1681
선학,2024-01-08,11051,5493,5558
신연수,2024-01-08,10147,5137,5010
원인재,2024-01-08,5091,2743,2348
동춘,2024-01-08,19005,9210,9795
동막,2024-01-08,9638,5047,4591
캠퍼스타운,2024-01-08,10365,5195,5170
테크노파크,2024-01-08,19849,9974,9875
지식정보단지,2024-01-08,9398,4542,4856
인천대입구,2024-01-08,12888,6496,6392
센트럴파크(재외동포청),2024-01-08,6784,3405,3379
국제업무지구,2024-01-08,3802,1940,1862
송도달빛축제공원,2024-01-08,9283,4642,4641
계양,2024-01-09,7266,3660,3606
귤현,2024-01-09,2272,891,1381
박촌,2024-01-09,7167,3742,3425
임학,2024-01-09,15859,7971,7888
계산,2024-01-09,17914,9011,8903
경인교대입구,2024-01-09,10357,5235,5122
작전,2024-01-09,27432,13847,13585
갈산,2024-01-09,19642,9907,9735
부평구청,2024-01-09,13774,6761,7013
부평시장,2024-01-09,25943,12973,12970
부평,2024-01-09,12782,6426,6356
동수,2024-01-09,8460,4314,4146
부평삼거리,2024-01-09,4377,2214,2163
간석오거리,2024-01-09,21132,10958,10174
인천시청,2024-01-09,11393,5716,5677
예술회관,2024-01-09,23688,11663,12025
인천터미널,2024-01-09,25139,12464,12675
문학경기장,2024-01-09,3683,1913,1770
선학,2024-01-09,12067,5986,6081
신연수,2024-01-09,10867,5549,5318
원인재,2024-01-09,5561,2969,2592
동춘,2024-01-09,20553,10078,10475
동막,2024-01-09,10396,5490,4906
캠퍼스타운,2024-01-09,11402,5702,5700
테크노파크,2024-01-09,22571,11273,11298
지식정보단지,2024-01-09,10681,5191,5490
인천대입구,2024-01-09,14069,6979,7090
센트럴파크(재외동포청),2024-01-09,7808,3931,3877
국제업무지구,2024-01-09,4307,2216,2091
송도달빛축제공원,2024-01-09,10375,5205,5170
계양,2024-01-10,7446,3723,3723
귤현,2024-01-10,2341,896,1445
박촌,2024-01-10,7353,3853,3500
임학,2024-01-10,15894,8039,7855
계산,2024-01-10,18654,9367,9287
경인교대입구,2024-01-10,10475,5284,5191
작전,2024-01-10,27742,14069,13673
갈산,2024-01-10,19313,9702,9611
부평구청,2024-01-10,13447,6642,6805
부평시장,2024-01-10,26864,13448,13416
부평,2024-01-10,13774,6979,6795
동수,2024-01-10,8273,4149,4124
부평삼거리,2024-01-10,4783,2406,2377
간석오거리,2024-01-10,21451,11054,10397
인천시청,2024-01-10,10674,5368,5306
예술회관,2024-01-10,24968,12302,12666
인천터미널,2024-01-10,25593,12522,13071
문학경기장,2024-01-10,3550,1810,1740
선학,2024-01-10,12299,6195,6104
신연수,2024-01-10,11024,5585,5439
원인재,2024-01-10,5510,2941,2569
동춘,2024-01-10,20381,10017,10364
동막,2024-01-10,10786,5710,5076
캠퍼스타운,2024-01-10,11189,5650,5539
테크노파크,2024-01-10,21967,10947,11020
지식정보단지,2024-01-10,9927,4827,5100
인천대입구,2024-01-10,13556,6755,6801
센트럴파크(재외동포청),2024-01-10,7567,3768,3799
국제업무지구,2024-01-10,4000,2046,1954
송도달빛축제공원,2024-01-10,10050,5051,4999
계양,2024-01-11,7178,3590,3588
귤현,2024-01-11,2270,881,1389
박촌,2024-01-11,7236,3780,3456
임학,2024-01-11,15901,8061,7840
계산,2024-01-11,18428,9312,9116
경인교대입구,2024-01-11,10552,5282,5270
작전,2024-01-11,27522,13836,13686
갈산,2024-01-11,19234,9777,9457
부평구청,2024-01-11,13526,6671,6855
부평시장,2024-01-11,26537,13201,13336
부평,2024-01-11,13463,6845,6618
동수,2024-01-11,7988,4101,3887
부평삼거리,2024-01-11,4823,2422,2401
간석오거리,2024-01-11,21338,11135,10203
인천시청,2024-01-11,10996,5536,5460
예술회관,2024-01-11,24306,11892,12414
인천터미널,2024-01-11,25560,12497,13063
문학경기장,2024-01-11,3466,1747,1719
선학,2024-01-11,12037,6021,6016
신연수,2024-01-11,10831,5455,5376
원인재,2024-01-11,5487,2973,2514
동춘,2024-01-11,20665,10130,10535
동막,2024-01-11,9993,5316,4677
캠퍼스타운,2024-01-11,11070,5556,5514
테크노파크,2024-01-11,21338,10676,10662
지식정보단지,2024-01-11,9892,4824,5068
인천대입구,2024-01-11,13552,6735,6817
센트럴파크(재외동포청),2024-01-11,7510,3717,3793
국제업무지구,2024-01-11,4008,2063,1945
송도달빛축제공원,2024-01-11,10045,5088,4957
계양,2024-01-12,7487,3785,3702
귤현,2024-01-12,2292,886,1406
박촌,2024-01-12,7316,3896,3420
임학,2024-01-12,16619,8337,8282
계산,2024-01-12,19495,9830,9665
경인교대입구,2024-01-12,10669,5349,5320
작전,2024-01-12,28506,14438,14068
갈산,2024-01-12,19131,9759,9372
부평구청,2024-01-12,13938,6904,7034
부평시장,2024-01-12,27464,13624,13840
부평,2024-01-12,15290,7544,7746
동수,2024-01-12,8241,4263,3978
부평삼거리,2024-01-12,4779,2388,2391
간석오거리,2024-01-12,21556,11296,10260
인천시청,2024-01-12,10912,5499,5413
예술회관,2024-01-12,25827,12365,13462
인천터미널,2024-01-12,29699,14437,15262
문학경기장,2024-01-12,3750,1934,1816
선학,2024-01-12,12767,6384,6383
신연수,2024-01-12,10866,5555,5311
원인재,2024-01-12,5741,3092,2649
동춘,2024-01-12,21471,10585,10886
동막,2024-01-12,10301,5464,4837
캠퍼스타운,2024-01-12,11447,5782,5665
테크노파크,2024-01-12,22245,11192,11053
지식정보단지,2024-01-12,9791,4794,4997
인천대입구,2024-01-12,14630,7277,7353
센트럴파크(재외동포청),2024-01-12,8017,3957,4060
국제업무지구,2024-01-12,4034,2014,2020
송도달빛축제공원,2024-01-12,10320,5292,5028
계양,2024-01-13,5823,2737,3086
귤현,2024-01-13,1515,694,821
박촌,2024-01-13,5534,2919,2615
임학,2024-01-13,12239,6185,6054
계산,2024-01-13,17284,8685,8599
경인교대입구,2024-01-13,8621,4383,4238
작전,2024-01-13,22357,11534,10823
갈산,2024-01-13,9822,5074,4748
부평구청,2024-01-13,9882,4897,4985
부평시장,2024-01-13,19114,9457,9657
부평,2024-01-13,13710,6728,6982
동수,2024-01-13,5367,2763,2604
부평삼거리,2024-01-13,4023,2033,1990
간석오거리,2024-01-13,16223,8481,7742
인천시청,2024-01-13,7084,3617,3467
예술회관,2024-01-13,17671,8321,9350
인천터미널,2024-01-13,28135,13799,14336
문학경기장,2024-01-13,2493,1233,1260
선학,2024-01-13,10478,5257,5221
신연수,2024-01-13,6525,3382,3143
원인재,2024-01-13,3455,1853,1602
동춘,2024-01-13,15001,7375,7626
동막,2024-01-13,6584,3526,3058
캠퍼스타운,2024-01-13,7844,4071,3773
테크노파크,2024-01-13,18207,9086,9121
지식정보단지,2024-01-13,4021,2089,1932
인천대입구,2024-01-13,10361,5085,5276
센트럴파크(재외동포청),2024-01-13,6632,3226,3406
국제업무지구,2024-01-13,1884,988,896
송도달빛축제공원,2024-01-13,8055,4161,3894
계양,2024-01-14,3825,1738,2087
귤현,2024-01-14,911,413,498
박촌,2024-01-14,3571,1843,1728
임학,2024-01-14,7981,4016,3965
계산,2024-01-14,11210,5600,5610
경인교대입구,2024-01-14,6518,3274,3244
작전,2024-01-14,13582,6894,6688
갈산,2024-01-14,5844,2984,2860
부평구청,2024-01-14,6779,3273,3506
부평시장,2024-01-14,12822,6366,6456
부평,2024-01-14,8676,4490,4186
동수,2024-01-14,3748,1859,1889
부평삼거리,2024-01-14,2703,1324,1379
간석오거리,2024-01-14,10901,5682,5219
인천시청,2024-01-14,4682,2439,2243
예술회관,2024-01-14,10752,5262,5490
인천터미널,2024-01-14,20421,10316,10105
문학경기장,2024-01-14,1120,543,577
선학,2024-01-14,7107,3506,3601
신연수,2024-01-14,3941,2040,1901
원인재,2024-01-14,2136,1141,995
동춘,2024-01-14,7928,3944,3984
동막,2024-01-14,3945,2029,1916
캠퍼스타운,2024-01-14,4883,2488,2395
테크노파크,2024-01-14,12280,6058,6222
지식정보단지,2024-01-14,2689,1273,1416
인천대입구,2024-01-14,6517,3178,3339
센트럴파크(재외동포청),2024-01-14,4164,2041,2123
국제업무지구,2024-01-14,691,363,328
송도달빛축제공원,2024-01-14,5294,2614,2680
계양,2024-01-15,6920,3494,3426
귤현,2024-01-15,2181,843,1338
박촌,2024-01-15,6948,3648,3300
임학,2024-01-15,15348,7686,7662
계산,2024-01-15,17991,9150,8841
경인교대입구,2024-01-15,9829,4962,4867
작전,2024-01-15,26853,13582,13271
갈산,2024-01-15,18623,9392,9231
부평구청,2024-01-15,12739,6220,6519
부평시장,2024-01-15,25567,12802,12765
부평,2024-01-15,13092,6549,6543
동수,2024-01-15,7829,3978,3851
부평삼거리,2024-01-15,4494,2272,2222
간석오거리,2024-01-15,20424,10637,9787
인천시청,2024-01-15,10092,5095,4997
예술회관,2024-01-15,23057,11408,11649
인천터미널,2024-01-15,24644,12154,12490
문학경기장,2024-01-15,2366,1194,1172
선학,2024-01-15,11385,5709,5676
신연수,2024-01-15,10366,5209,5157
원인재,2024-01-15,5075,2710,2365
동춘,2024-01-15,19425,9534,9891
동막,2024-01-15,9789,5186,4603
캠퍼스타운,2024-01-15,10557,5291,5266
테크노파크,2024-01-15,20040,10054,9986
지식정보단지,2024-01-15,9553,4635,4918
인천대입구,2024-01-15,12210,6086,6124
센트럴파크(재외동포청),2024-01-15,7081,3579,3502
국제업무지구,2024-01-15,4001,2049,1952
송도달빛축제공원,2024-01-15,9262,4608,4654
계양,2024-01-16,7357,3675,3682
귤현,2024-01-16,2284,930,1354
박촌,2024-01-16,7352,3900,3452
임학,2024-01-16,15848,7957,7891
계산,2024-01-16,18576,9379,9197
경인교대입구,2024-01-16,10054,5034,5020
작전,2024-01-16,29313,14770,14543
갈산,2024-01-16,18893,9610,9283
부평구청,2024-01-16,13144,6399,6745
부평시장,2024-01-16,26331,13116,13215
부평,2024-01-16,13234,6675,6559
동수,2024-01-16,7938,4040,3898
부평삼거리,2024-01-16,4524,2256,2268
간석오거리,2024-01-16,21119,10969,10150
인천시청,2024-01-16,10541,5327,5214
예술회관,2024-01-16,24118,11837,12281
인천터미널,2024-01-16,25391,12438,12953
문학경기장,2024-01-16,3689,1871,1818
선학,2024-01-16,11924,5877,6047
신연수,2024-01-16,10525,5383,5142
원인재,2024-01-16,5518,3007,2511
동춘,2024-01-16,20187,9863,10324
동막,2024-01-16,10087,5313,4774
캠퍼스타운,2024-01-16,11123,5616,5507
테크노파크,2024-01-16,20729,10366,10363
지식정보단지,2024-01-16,9878,4780,5098
인천대입구,2024-01-16,13776,6880,6896
센트럴파크(재외동포청),2024-01-16,7492,3783,3709
국제업무지구,2024-01-16,4113,2100,2013
송도달빛축제공원,2024-01-16,9724,4887,4837
계양,2024-01-17,7164,3609,3555
귤현,2024-01-17,2258,856,1402
박촌,2024-01-17,7303,3809,3494
임학,2024-01-17,15431,7819,7612
계산,2024-01-17,18258,9254,9004
경인교대입구,2024-01-17,10086,5014,5072
작전,2024-01-17,26922,13565,13357
갈산,2024-01-17,18906,9561,9345
부평구청,2024-01-17,12990,6362,6628
부평시장,2024-01-17,25691,12815,12876
부평,2024-01-17,13421,6812,6609
동수,2024-01-17,8106,4110,3996
부평삼거리,2024-01-17,4440,2223,2217
간석오거리,2024-01-17,20792,10759,10033
인천시청,2024-01-17,10389,5197,5192
예술회관,2024-01-17,23983,11844,12139
인천터미널,2024-01-17,24117,11827,12290
문학경기장,2024-01-17,3307,1672,1635
선학,2024-01-17,12018,6005,6013
신연수,2024-01-17,10363,5290,5073
원인재,2024-01-17,5365,2891,2474
동춘,2024-01-17,19317,9411,9906
동막,2024-01-17,10205,5428,4777
캠퍼스타운,2024-01-17,10868,5451,5417
테크노파크,2024-01-17,20757,10475,10282
지식정보단지,2024-01-17,9781,4712,5069
인천대입구,2024-01-17,12941,6403,6538
센트럴파크(재외동포청),2024-01-17,7179,3592,3587
국제업무지구,2024-01-17,4051,2083,1968
송도달빛축제공원,2024-01-17,9458,4782,4676
계양,2024-01-18,7469,3740,3729
귤현,2024-01-18,2271,863,1408
박촌,2024-01-18,7113,3726,3387
임학,2024-01-18,15762,7894,7868
계산,2024-01-18,18781,9543,9238
경인교대입구,2024-01-18,10420,5184,5236
작전,2024-01-18,27236,13920,13316
갈산,2024-01-18,19075,9628,9447
부평구청,2024-01-18,13465,6568,6897
부평시장,2024-01-18,26566,13272,13294
부평,2024-01-18,13625,6833,6792
동수,2024-01-18,8013,4091,3922
부평삼거리,2024-01-18,4701,2379,2322
간석오거리,2024-01-18,21229,11020,10209
인천시청,2024-01-18,10715,5401,5314
예술회관,2024-01-18,24271,11868,12403
인천터미널,2024-01-18,25771,12688,13083
문학경기장,2024-01-18,3534,1730,1804
선학,2024-01-18,12093,6035,6058
신연수,2024-01-18,10710,5445,5265
원인재,2024-01-18,5472,2928,2544
동춘,2024-01-18,20527,9984,10543
동막,2024-01-18,10085,5337,4748
캠퍼스타운,2024-01-18,11316,5643,5673
테크노파크,2024-01-18,21239,10628,10611
지식정보단지,2024-01-18,9733,4735,4998
인천대입구,2024-01-18,13341,6629,6712
센트럴파크(재외동포청),2024-01-18,7715,3882,3833
국제업무지구,2024-01-18,4167,2113,2054
송도달빛축제공원,2024-01-18,10192,5106,5086
계양,2024-01-19,7610,3860,3750
귤현,2024-01-19,2388,966,1422
박촌,2024-01-19,7397,3936,3461
임학,2024-01-19,16299,8180,8119
계산,2024-01-19,19328,9844,9484
경인교대입구,2024-01-19,10862,5435,5427
작전,2024-01-19,28722,14562,14160
갈산,2024-01-19,19156,9741,9415
부평구청,2024-01-19,13834,6762,7072
부평시장,2024-01-19,27336,13686,13650
부평,2024-01-19,15073,7373,7700
동수,2024-01-19,8091,4174,3917
부평삼거리,2024-01-19,4911,2495,2416
간석오거리,2024-01-19,21570,11244,10326
인천시청,2024-01-19,10822,5501,5321
예술회관,2024-01-19,25284,12190,13094
인천터미널,2024-01-19,29547,14292,15255
문학경기장,2024-01-19,3648,1883,1765
선학,2024-01-19,12657,6316,6341
신연수,2024-01-19,10848,5623,5225
원인재,2024-01-19,5751,3089,2662
동춘,2024-01-19,21250,10402,10848
동막,2024-01-19,10272,5489,4783
캠퍼스타운,2024-01-19,11426,5794,5632
테크노파크,2024-01-19,22399,11257,11142
지식정보단지,2024-01-19,9692,4750,4942
인천대입구,2024-01-19,13922,6911,7011
센트럴파크(재외동포청),2024-01-19,8429,4191,4238
국제업무지구,2024-01-19,4091,2086,2005
송도달빛축제공원,2024-01-19,10550,5281,5269
계양,2024-01-20,5653,2755,2898
귤현,2024-01-20,1541,697,844
박촌,2024-01-20,5277,2778,2499
임학,2024-01-20,11804,6051,5753
계산,2024-01-20,16665,8427,8238
경인교대입구,2024-01-20,8659,4323,4336
작전,2024-01-20,20921,10726,10195
갈산,2024-01-20,9833,5081,4752
부평구청,2024-01-20,9839,4824,5015
부평시장,2024-01-20,18293,9105,9188
부평,2024-01-20,13388,6678,6710
동수,2024-01-20,5241,2634,2607
부평삼거리,2024-01-20,4003,1977,2026
간석오거리,2024-01-20,15826,8219,7607
인천시청,2024-01-20,6841,3474,3367
예술회관,2024-01-20,17174,8141,9033
인천터미널,2024-01-20,26656,13018,13638
문학경기장,2024-01-20,2535,1241,1294
선학,2024-01-20,10295,5144,5151
신연수,2024-01-20,5924,3104,2820
원인재,2024-01-20,3354,1796,1558
동춘,2024-01-20,14452,7144,7308
동막,2024-01-20,6448,3408,3040
캠퍼스타운,2024-01-20,7798,4053,3745
테크노파크,2024-01-20,17861,8870,8991
지식정보단지,2024-01-20,4003,2092,1911
인천대입구,2024-01-20,10413,5079,5334
센트럴파크(재외동포청),2024-01-20,6158,3018,3140
국제업무지구,2024-01-20,1859,987,872
송도달빛축제공원,2024-01-20,7688,3926,3762
계양,2024-01-21,4081,1867,2214
귤현,2024-01-21,928,430,498
박촌,2024-01-21,4001,2091,1910
임학,2024-01-21,8597,4314,4283
계산,2024-01-21,12442,6181,6261
경인교대입구,2024-01-21,6770,3403,3367
작전,2024-01-21,14079,7249,6830
갈산,2024-01-21,6227,3210,3017
부평구청,2024-01-21,6892,3334,3558
부평시장,2024-01-21,14113,6978,7135
부평,2024-01-21,9512,4873,4639
동수,2024-01-21,4095,2123,1972
부평삼거리,2024-01-21,3055,1512,1543
간석오거리,2024-01-21,11585,6045,5540
인천시청,2024-01-21,4918,2521,2397
예술회관,2024-01-21,11069,5380,5689
인천터미널,2024-01-21,20954,10723,10231
문학경기장,2024-01-21,1399,737,662
선학,2024-01-21,7358,3638,3720
신연수,2024-01-21,4296,2195,2101
원인재,2024-01-21,2768,1437,1331
동춘,2024-01-21,10514,5152,5362
동막,2024-01-21,4306,2184,2122
캠퍼스타운,2024-01-21,5316,2677,2639
테크노파크,2024-01-21,13193,6606,6587
지식정보단지,2024-01-21,2673,1280,1393
인천대입구,2024-01-21,8482,4116,4366
센트럴파크(재외동포청),2024-01-21,4487,2204,2283
국제업무지구,2024-01-21,770,407,363
송도달빛축제공원,2024-01-21,5648,2743,2905
계양,2024-01-22,6573,3243,3330
귤현,2024-01-22,2139,867,1272
박촌,2024-01-22,6805,3532,3273
임학,2024-01-22,14844,7470,7374
계산,2024-01-22,17520,8914,8606
경인교대입구,2024-01-22,9512,4773,4739
작전,2024-01-22,25545,12939,12606
갈산,2024-01-22,18155,9199,8956
부평구청,2024-01-22,12551,6207,6344
부평시장,2024-01-22,24509,12238,12271
부평,2024-01-22,13015,6546,6469
동수,2024-01-22,7827,3945,3882
부평삼거리,2024-01-22,4211,2150,2061
간석오거리,2024-01-22,19557,10150,9407
인천시청,2024-01-22,9560,4856,4704
예술회관,2024-01-22,22373,11186,11187
인천터미널,2024-01-22,23172,11376,11796
문학경기장,2024-01-22,3323,1671,1652
선학,2024-01-22,10772,5391,5381
신연수,2024-01-22,9978,5066,4912
원인재,2024-01-22,4998,2695,2303
동춘,2024-01-22,18656,9102,9554
동막,2024-01-22,9528,5011,4517
캠퍼스타운,2024-01-22,9949,5088,4861
테크노파크,2024-01-22,19095,9590,9505
지식정보단지,2024-01-22,9327,4416,4911
인천대입구,2024-01-22,12020,5916,6104
센트럴파크(재외동포청),2024-01-22,6586,3274,3312
국제업무지구,2024-01-22,3898,2007,1891
송도달빛축제공원,2024-01-22,8842,4473,4369
계양,2024-01-23,6479,3235,3244
귤현,2024-01-23,2073,809,1264
박촌,2024-01-23,6581,3373,3208
임학,2024-01-23,14354,7257,7097
계산,2024-01-23,16417,8281,8136
경인교대입구,2024-01-23,9156,4597,4559
작전,2024-01-23,24504,12480,12024
갈산,2024-01-23,17816,8973,8843
부평구청,2024-01-23,12024,5873,6151
부평시장,2024-01-23,23235,11557,11678
부평,2024-01-23,12197,6249,5948
동수,2024-01-23,7517,3813,3704
부평삼거리,2024-01-23,3942,1991,1951
간석오거리,2024-01-23,18858,9820,9038
인천시청,2024-01-23,9741,4869,4872
예술회관,2024-01-23,21577,10785,10792
인천터미널,2024-01-23,21855,10750,11105
문학경기장,2024-01-23,2945,1522,1423
선학,2024-01-23,10564,5269,5295
신연수,2024-01-23,9645,4945,4700
원인재,2024-01-23,4857,2644,2213
동춘,2024-01-23,17715,8660,9055
동막,2024-01-23,9232,4869,4363
캠퍼스타운,2024-01-23,9423,4653,4770
테크노파크,2024-01-23,18426,9271,9155
지식정보단지,2024-01-23,8933,4312,4621
인천대입구,2024-01-23,11658,5750,5908
센트럴파크(재외동포청),2024-01-23,6411,3196,3215
국제업무지구,2024-01-23,3760,1926,1834
송도달빛축제공원,2024-01-23,8338,4193,4145
계양,2024-01-24,6785,3404,3381
귤현,2024-01-24,2128,812,1316
박촌,2024-01-24,6899,3607,3292
임학,2024-01-24,14788,7440,7348
계산,2024-01-24,17471,8848,8623
경인교대입구,2024-01-24,9488,4772,4716
작전,2024-01-24,25452,12832,12620
갈산,2024-01-24,18446,9290,9156
부평구청,2024-01-24,12498,6146,6352
부평시장,2024-01-24,24369,12170,12199
부평,2024-01-24,12461,6378,6083
동수,2024-01-24,7836,3920,3916
부평삼거리,2024-01-24,4058,2053,2005
간석오거리,2024-01-24,19975,10249,9726
인천시청,2024-01-24,10165,5112,5053
예술회관,2024-01-24,22932,11329,11603
인천터미널,2024-01-24,23278,11457,11821
문학경기장,2024-01-24,3331,1726,1605
선학,2024-01-24,11264,5640,5624
신연수,2024-01-24,10083,5166,4917
원인재,2024-01-24,5426,2908,2518
동춘,2024-01-24,18756,9177,9579
동막,2024-01-24,9779,5209,4570
캠퍼스타운,2024-01-24,9885,4968,4917
테크노파크,2024-01-24,19730,9859,9871
지식정보단지,2024-01-24,9308,4485,4823
인천대입구,2024-01-24,12236,6103,6133
센트럴파크(재외동포청),2024-01-24,6849,3450,3399
국제업무지구,2024-01-24,3788,1927,1861
송도달빛축제공원,2024-01-24,8930,4478,4452
계양,2024-01-25,7065,3484,3581
귤현,2024-01-25,2091,839,1252
박촌,2024-01-25,7083,3714,3369
임학,2024-01-25,15128,7637,7491
계산,2024-01-25,17874,9087,8787
경인교대입구,2024-01-25,10207,5076,5131
작전,2024-01-25,26292,13319,12973
갈산,2024-01-25,18673,9420,9253
부평구청,2024-01-25,12882,6346,6536
부평시장,2024-01-25,25494,12707,12787
부평,2024-01-25,12878,6558,6320
동수,2024-01-25,7968,4053,3915
부평삼거리,2024-01-25,4567,2305,2262
간석오거리,2024-01-25,20817,10761,10056
인천시청,2024-01-25,10246,5162,5084
예술회관,2024-01-25,23693,11634,12059
인천터미널,2024-01-25,24695,12223,12472
문학경기장,2024-01-25,3418,1752,1666
선학,2024-01-25,11867,5964,5903
신연수,2024-01-25,10361,5295,5066
원인재,2024-01-25,5445,2955,2490
동춘,2024-01-25,20018,9781,10237
동막,2024-01-25,9874,5268,4606
캠퍼스타운,2024-01-25,10799,5425,5374
테크노파크,2024-01-25,20502,10213,10289
지식정보단지,2024-01-25,9309,4458,4851
인천대입구,2024-01-25,13089,6516,6573
센트럴파크(재외동포청),2024-01-25,7250,3635,3615
국제업무지구,2024-01-25,3967,1990,1977
송도달빛축제공원,2024-01-25,9409,4672,4737
계양,2024-01-26,7320,3696,3624
귤현,2024-01-26,2323,917,1406
박촌,2024-01-26,7176,3803,3373
임학,2024-01-26,16336,8136,8200
계산,2024-01-26,18926,9624,9302
경인교대입구,2024-01-26,10412,5165,5247
작전,2024-01-26,28115,14310,13805
갈산,2024-01-26,18791,9599,9192
부평구청,2024-01-26,13673,6799,6874
부평시장,2024-01-26,27160,13489,13671
부평,2024-01-26,14208,7087,7121
동수,2024-01-26,8108,4124,3984
부평삼거리,2024-01-26,4613,2378,2235
간석오거리,2024-01-26,21437,11191,10246
인천시청,2024-01-26,10451,5290,5161
예술회관,2024-01-26,25266,12149,13117
인천터미널,2024-01-26,28859,14059,14800
문학경기장,2024-01-26,3652,1892,1760
선학,2024-01-26,12660,6336,6324
신연수,2024-01-26,10656,5556,5100
원인재,2024-01-26,5656,3016,2640
동춘,2024-01-26,20908,10240,10668
동막,2024-01-26,10357,5524,4833
캠퍼스타운,2024-01-26,11318,5686,5632
테크노파크,2024-01-26,21595,10800,10795
지식정보단지,2024-01-26,9755,4786,4969
인천대입구,2024-01-26,13539,6640,6899
센트럴파크(재외동포청),2024-01-26,7834,3900,3934
국제업무지구,2024-01-26,3963,2030,1933
송도달빛축제공원,2024-01-26,10062,5152,4910
계양,2024-01-27,5809,2812,2997
귤현,2024-01-27,1443,652,791
박촌,2024-01-27,5450,2908,2542
임학,2024-01-27,12097,6167,5930
계산,2024-01-27,17628,8868,8760
경인교대입구,2024-01-27,8546,4315,4231
작전,2024-01-27,21201,10913,10288
갈산,2024-01-27,9938,5081,4857
부평구청,2024-01-27,10074,4888,5186
부평시장,2024-01-27,19068,9489,9579
부평,2024-01-27,13125,6535,6590
동수,2024-01-27,5381,2771,2610
부평삼거리,2024-01-27,4309,2084,2225
간석오거리,2024-01-27,16413,8604,7809
인천시청,2024-01-27,6935,3589,3346
예술회관,2024-01-27,17352,8201,9151
인천터미널,2024-01-27,27070,13187,13883
문학경기장,2024-01-27,2598,1317,1281
선학,2024-01-27,10637,5317,5320
신연수,2024-01-27,6156,3238,2918
원인재,2024-01-27,3266,1785,1481
동춘,2024-01-27,15063,7411,7652
동막,2024-01-27,6532,3494,3038
캠퍼스타운,2024-01-27,7552,3980,3572
테크노파크,2024-01-27,17840,8856,8984
지식정보단지,2024-01-27,4054,2099,1955
인천대입구,2024-01-27,10244,5114,5130
센트럴파크(재외동포청),2024-01-27,6542,3215,3327
국제업무지구,2024-01-27,1863,979,884
송도달빛축제공원,2024-01-27,7881,3985,3896
계양,2024-01-28,3973,1833,2140
귤현,2024-01-28,907,418,489
박촌,2024-01-28,3982,2049,1933
임학,2024-01-28,8588,4363,4225
계산,2024-01-28,12920,6454,6466
경인교대입구,2024-01-28,6848,3413,3435
작전,2024-01-28,13936,7121,6815
갈산,2024-01-28,6286,3204,3082
부평구청,2024-01-28,6878,3372,3506
부평시장,2024-01-28,14233,7064,7169
부평,2024-01-28,9085,4799,4286
동수,2024-01-28,4104,2103,2001
부평삼거리,2024-01-28,3494,1718,1776
간석오거리,2024-01-28,11854,6195,5659
인천시청,2024-01-28,4693,2367,2326
예술회관,2024-01-28,11080,5390,5690
인천터미널,2024-01-28,21252,10769,10483
문학경기장,2024-01-28,1013,517,496
선학,2024-01-28,7340,3554,3786
신연수,2024-01-28,4153,2156,1997
원인재,2024-01-28,2261,1194,1067
동춘,2024-01-28,8814,4440,4374
동막,2024-01-28,4193,2154,2039
캠퍼스타운,2024-01-28,5314,2689,2625
테크노파크,2024-01-28,13519,6635,6884
지식정보단지,2024-01-28,2811,1333,1478
인천대입구,2024-01-28,7088,3449,3639
센트럴파크(재외동포청),2024-01-28,4163,2065,2098
국제업무지구,2024-01-28,750,379,371
송도달빛축제공원,2024-01-28,5912,2894,3018
계양,2024-01-29,7137,3523,3614
귤현,2024-01-29,2174,846,1328
박촌,2024-01-29,7045,3706,3339
임학,2024-01-29,15408,7822,7586
계산,2024-01-29,18331,9278,9053
경인교대입구,2024-01-29,10172,5124,5048
작전,2024-01-29,26631,13598,13033
갈산,2024-01-29,18830,9475,9355
부평구청,2024-01-29,12898,6340,6558
부평시장,2024-01-29,26088,13051,13037
부평,2024-01-29,12668,6444,6224
동수,2024-01-29,8122,4130,3992
부평삼거리,2024-01-29,4616,2324,2292
간석오거리,2024-01-29,20492,10671,9821
인천시청,2024-01-29,9994,4971,5023
예술회관,2024-01-29,23515,11636,11879
인천터미널,2024-01-29,24685,12125,12560
문학경기장,2024-01-29,3620,1775,1845
선학,2024-01-29,11560,5744,5816
신연수,2024-01-29,10605,5405,5200
원인재,2024-01-29,5325,2839,2486
동춘,2024-01-29,20125,9834,10291
동막,2024-01-29,10074,5271,4803
캠퍼스타운,2024-01-29,10968,5504,5464
테크노파크,2024-01-29,20048,10103,9945
지식정보단지,2024-01-29,9539,4619,4920
인천대입구,2024-01-29,12331,6144,6187
센트럴파크(재외동포청),2024-01-29,7249,3624,3625
국제업무지구,2024-01-29,4017,2069,1948
송도달빛축제공원,2024-01-29,9643,4830,4813
계양,2024-01-30,7310,3673,3637
귤현,2024-01-30,2157,843,1314
박촌,2024-01-30,7286,3789,3497
임학,2024-01-30,15836,8022,7814
계산,2024-01-30,18364,9293,9071
경인교대입구,2024-01-30,10234,5104,5130
작전,2024-01-30,27417,13929,13488
갈산,2024-01-30,19081,9610,9471
부평구청,2024-01-30,13281,6523,6758
부평시장,2024-01-30,26656,13229,13427
부평,2024-01-30,12761,6442,6319
동수,2024-01-30,8061,4080,3981
부평삼거리,2024-01-30,4846,2428,2418
간석오거리,2024-01-30,21375,11125,10250
인천시청,2024-01-30,10369,5207,5162
예술회관,2024-01-30,23811,11644,12167
인천터미널,2024-01-30,25089,12416,12673
문학경기장,2024-01-30,3597,1858,1739
선학,2024-01-30,11964,5957,6007
신연수,2024-01-30,10386,5305,5081
원인재,2024-01-30,5448,2925,2523
동춘,2024-01-30,20067,9864,10203
동막,2024-01-30,10029,5249,4780
캠퍼스타운,2024-01-30,10649,5371,5278
테크노파크,2024-01-30,20518,10294,10224
지식정보단지,2024-01-30,9579,4624,4955
인천대입구,2024-01-30,12924,6412,6512
센트럴파크(재외동포청),2024-01-30,7534,3802,3732
국제업무지구,2024-01-30,4121,2109,2012
송도달빛축제공원,2024-01-30,9896,4951,4945
계양,2024-01-31,7315,3645,3670
귤현,2024-01-31,2255,928,1327
박촌,2024-01-31,7310,3832,3478
임학,2024-01-31,15606,7881,7725
계산,2024-01-31,18690,9368,9322
경인교대입구,2024-01-31,10276,5140,5136
작전,2024-01-31,26620,13456,13164
갈산,2024-01-31,19214,9682,9532
부평구청,2024-01-31,13257,6568,6689
부평시장,2024-01-31,26905,13398,13507
부평,2024-01-31,12860,6494,6366
동수,2024-01-31,8197,4193,4004
부평삼거리,2024-01-31,4871,2422,2449
간석오거리,2024-01-31,21212,11019,10193
인천시청,2024-01-31,10618,5345,5273
예술회관,2024-01-31,24417,12007,12410
인천터미널,2024-01-31,25429,12485,12944
문학경기장,2024-01-31,3492,1744,1748
선학,2024-01-31,12074,6088,5986
신연수,2024-01-31,10524,5383,5141
원인재,2024-01-31,5477,2931,2546
동춘,2024-01-31,20077,9873,10204
동막,2024-01-31,10039,5346,4693
캠퍼스타운,2024-01-31,10931,5538,5393
테크노파크,2024-01-31,20898,10444,10454
지식정보단지,2024-01-31,9827,4763,5064
인천대입구,2024-01-31,12936,6473,6463
센트럴파크(재외동포청),2024-01-31,7705,3838,3867
국제업무지구,2024-01-31,4017,2071,1946
송도달빛축제공원,2024-01-31,9913,5036,4877
계양,2024-02-01,7400,3686,3714
귤현,2024-02-01,2274,905,1369
박촌,2024-02-01,7384,3882,3502
임학,2024-02-01,15775,7916,7859
계산,2024-02-01,18952,9593,9359
경인교대입구,2024-02-01,10201,5082,5119
작전,2024-02-01,28642,14475,14167
갈산,2024-02-01,19117,9653,9464
부평구청,2024-02-01,13140,6476,6664
부평시장,2024-02-01,26603,13290,13313
부평,2024-02-01,12688,6413,6275
동수,2024-02-01,8226,4181,4045
부평삼거리,2024-02-01,4855,2431,2424
간석오거리,2024-02-01,21064,10925,10139
인천시청,2024-02-01,10756,5379,5377
예술회관,2024-02-01,23834,11613,12221
인천터미널,2024-02-01,24777,12245,12532
문학경기장,2024-02-01,3593,1817,1776
선학,2024-02-01,12033,6002,6031
신연수,2024-02-01,10705,5478,5227
원인재,2024-02-01,5556,3017,2539
동춘,2024-02-01,20242,9882,10360
동막,2024-02-01,10019,5310,4709
캠퍼스타운,2024-02-01,11189,5590,5599
테크노파크,2024-02-01,20364,10162,10202
지식정보단지,2024-02-01,10029,4838,5191
인천대입구,2024-02-01,12694,6339,6355
센트럴파크(재외동포청),2024-02-01,7607,3863,3744
국제업무지구,2024-02-01,4117,2083,2034
송도달빛축제공원,2024-02-01,9805,4997,4808
계양,2024-02-02,7379,3732,3647
귤현,2024-02-02,2346,919,1427
박촌,2024-02-02,7550,3985,3565
임학,2024-02-02,16597,8400,8197
계산,2024-02-02,20129,10275,9854
경인교대입구,2024-02-02,10828,5441,5387
작전,2024-02-02,28017,14314,13703
갈산,2024-02-02,19243,9764,9479
부평구청,2024-02-02,13693,6696,6997
부평시장,2024-02-02,27242,13663,13579
부평,2024-02-02,13899,6944,6955
동수,2024-02-02,8382,4318,4064
부평삼거리,2024-02-02,5128,2588,2540
간석오거리,2024-02-02,21098,11069,10029
인천시청,2024-02-02,10497,5288,5209
예술회관,2024-02-02,25051,11906,13145
인천터미널,2024-02-02,27839,13500,14339
문학경기장,2024-02-02,3710,1890,1820
선학,2024-02-02,12313,6198,6115
신연수,2024-02-02,10785,5514,5271
원인재,2024-02-02,5852,3162,2690
동춘,2024-02-02,21194,10477,10717
동막,2024-02-02,10438,5556,4882
캠퍼스타운,2024-02-02,11560,5826,5734
테크노파크,2024-02-02,21454,10762,10692
지식정보단지,2024-02-02,10089,4946,5143
인천대입구,2024-02-02,13445,6633,6812
센트럴파크(재외동포청),2024-02-02,7982,3926,4056
국제업무지구,2024-02-02,4108,2098,2010
송도달빛축제공원,2024-02-02,10366,5242,5124
계양,2024-02-03,5588,2701,2887
귤현,2024-02-03,1379,624,755
박촌,2024-02-03,5381,2819,2562
임학,2024-02-03,11527,5803,5724
계산,2024-02-03,16148,8109,8039
경인교대입구,2024-02-03,8475,4237,4238
작전,2024-02-03,20875,10728,10147
갈산,2024-02-03,9637,5046,4591
부평구청,2024-02-03,9426,4632,4794
부평시장,2024-02-03,18665,9278,9387
부평,2024-02-03,12424,6253,6171
동수,2024-02-03,5318,2727,2591
부평삼거리,2024-02-03,5536,2724,2812
간석오거리,2024-02-03,15749,8251,7498
인천시청,2024-02-03,7213,3709,3504
예술회관,2024-02-03,16844,7888,8956
인천터미널,2024-02-03,25407,12554,12853
문학경기장,2024-02-03,2654,1322,1332
선학,2024-02-03,9715,4850,4865
신연수,2024-02-03,5875,3083,2792
원인재,2024-02-03,3233,1703,1530
동춘,2024-02-03,14467,7184,7283
동막,2024-02-03,6087,3212,2875
캠퍼스타운,2024-02-03,7305,3759,3546
테크노파크,2024-02-03,16660,8211,8449
지식정보단지,2024-02-03,4044,2034,2010
인천대입구,2024-02-03,9737,4794,4943
센트럴파크(재외동포청),2024-02-03,6145,3022,3123
국제업무지구,2024-02-03,1836,964,872
송도달빛축제공원,2024-02-03,7454,3791,3663
계양,2024-02-04,4172,1968,2204
귤현,2024-02-04,995,417,578
박촌,2024-02-04,4036,2118,1918
임학,2024-02-04,8732,4497,4235
계산,2024-02-04,12618,6305,6313
경인교대입구,2024-02-04,6945,3461,3484
작전,2024-02-04,14176,7291,6885
갈산,2024-02-04,6166,3150,3016
부평구청,2024-02-04,6876,3394,3482
부평시장,2024-02-04,14758,7271,7487
부평,2024-02-04,8790,4671,4119
동수,2024-02-04,4191,2141,2050
부평삼거리,2024-02-04,5329,2655,2674
간석오거리,2024-02-04,12105,6360,5745
인천시청,2024-02-04,5123,2622,2501
예술회관,2024-02-04,11989,5894,6095
인천터미널,2024-02-04,21177,10703,10474
문학경기장,2024-02-04,1357,676,681
선학,2024-02-04,7690,3798,3892
신연수,2024-02-04,4542,2279,2263
원인재,2024-02-04,2445,1283,1162
동춘,2024-02-04,11502,5620,5882
동막,2024-02-04,4203,2182,2021
캠퍼스타운,2024-02-04,5394,2685,2709
테크노파크,2024-02-04,13574,6703,6871
지식정보단지,2024-02-04,2759,1374,1385
인천대입구,2024-02-04,7358,3559,3799
센트럴파크(재외동포청),2024-02-04,4880,2388,2492
국제업무지구,2024-02-04,792,441,351
송도달빛축제공원,2024-02-04,6214,3042,3172
계양,2024-02-05,6881,3385,3496
귤현,2024-02-05,2165,852,1313
박촌,2024-02-05,7163,3731,3432
임학,2024-02-05,14946,7540,7406
계산,2024-02-05,17439,8836,8603
경인교대입구,2024-02-05,10006,5016,4990
작전,2024-02-05,25881,13036,12845
갈산,2024-02-05,18554,9469,9085
부평구청,2024-02-05,12606,6128,6478
부평시장,2024-02-05,25043,12535,12508
부평,2024-02-05,12313,6270,6043
동수,2024-02-05,8236,4239,3997
부평삼거리,2024-02-05,4444,2218,2226
간석오거리,2024-02-05,19717,10272,9445
인천시청,2024-02-05,10585,5336,5249
예술회관,2024-02-05,22575,11283,11292
인천터미널,2024-02-05,23538,11501,12037
문학경기장,2024-02-05,3395,1757,1638
선학,2024-02-05,10908,5444,5464
신연수,2024-02-05,10088,5160,4928
원인재,2024-02-05,5099,2724,2375
동춘,2024-02-05,19089,9262,9827
동막,2024-02-05,9678,5141,4537
캠퍼스타운,2024-02-05,10298,5165,5133
테크노파크,2024-02-05,19291,9676,9615
지식정보단지,2024-02-05,9628,4669,4959
인천대입구,2024-02-05,12027,5927,6100
센트럴파크(재외동포청),2024-02-05,6946,3498,3448
국제업무지구,2024-02-05,4072,2123,1949
송도달빛축제공원,2024-02-05,9224,4616,4608
계양,2024-02-06,7142,3570,3572
귤현,2024-02-06,2288,907,1381
박촌,2024-02-06,7726,4023,3703
임학,2024-02-06,15669,7917,7752
계산,2024-02-06,18539,9439,9100
경인교대입구,2024-02-06,10192,5127,5065
작전,2024-02-06,27515,13959,13556
갈산,2024-02-06,18925,9622,9303
부평구청,2024-02-06,13401,6604,6797
부평시장,2024-02-06,27432,13669,13763
부평,2024-02-06,13235,6673,6562
동수,2024-02-06,8260,4252,4008
부평삼거리,2024-02-06,5341,2692,2649
간석오거리,2024-02-06,21078,10937,10141
인천시청,2024-02-06,11237,5656,5581
예술회관,2024-02-06,23824,11656,12168
인천터미널,2024-02-06,25283,12352,12931
문학경기장,2024-02-06,3544,1798,1746
선학,2024-02-06,11893,5945,5948
신연수,2024-02-06,10982,5623,5359
원인재,2024-02-06,5531,2984,2547
동춘,2024-02-06,20639,10199,10440
동막,2024-02-06,10081,5297,4784
캠퍼스타운,2024-02-06,11177,5579,5598
테크노파크,2024-02-06,21052,10596,10456
지식정보단지,2024-02-06,10155,4952,5203
인천대입구,2024-02-06,12930,6397,6533
센트럴파크(재외동포청),2024-02-06,7784,3912,3872
국제업무지구,2024-02-06,4085,2088,1997
송도달빛축제공원,2024-02-06,10064,5064,5000
계양,2024-02-07,7324,3665,3659
귤현,2024-02-07,2214,872,1342
박촌,2024-02-07,7674,3980,3694
임학,2024-02-07,16010,7967,8043
계산,2024-02-07,18917,9619,9298
경인교대입구,2024-02-07,10512,5236,5276
작전,2024-02-07,27723,14030,13693
갈산,2024-02-07,18973,9613,9360
부평구청,2024-02-07,13313,6557,6756
부평시장,2024-02-07,27459,13679,13780
부평,2024-02-07,13518,6892,6626
동수,2024-02-07,8372,4265,4107
부평삼거리,2024-02-07,6216,3121,3095
간석오거리,2024-02-07,21178,10995,10183
인천시청,2024-02-07,10823,5415,5408
예술회관,2024-02-07,23903,11751,12152
인천터미널,2024-02-07,26594,12769,13825
문학경기장,2024-02-07,3549,1771,1778
선학,2024-02-07,12134,6082,6052
신연수,2024-02-07,10998,5669,5329
원인재,2024-02-07,5601,2971,2630
동춘,2024-02-07,21006,10217,10789
동막,2024-02-07,10231,5482,4749
캠퍼스타운,2024-02-07,11200,5590,5610
테크노파크,2024-02-07,20871,10486,10385
지식정보단지,2024-02-07,9884,4803,5081
인천대입구,2024-02-07,13188,6640,6548
센트럴파크(재외동포청),2024-02-07,7768,3882,3886
국제업무지구,2024-02-07,4027,2051,1976
송도달빛축제공원,2024-02-07,10015,5100,4915
계양,2024-02-08,7121,3603,3518
귤현,2024-02-08,2208,921,1287
박촌,2024-02-08,7171,3872,3299
임학,2024-02-08,15963,8017,7946
계산,2024-02-08,18743,9527,9216
경인교대입구,2024-02-08,10669,5341,5328
작전,2024-02-08,27047,13663,13384
갈산,2024-02-08,17833,9127,8706
부평구청,2024-02-08,13387,6687,6700
부평시장,2024-02-08,26860,13355,13505
부평,2024-02-08,14639,7255,7384
동수,2024-02-08,7925,4134,3791
부평삼거리,2024-02-08,6399,3219,3180
간석오거리,2024-02-08,20674,10845,9829
인천시청,2024-02-08,10149,5204,4945
예술회관,2024-02-08,23901,11471,12430
인천터미널,2024-02-08,32394,14518,17876
문학경기장,2024-02-08,3258,1631,1627
선학,2024-02-08,12232,6205,6027
신연수,2024-02-08,9917,5122,4795
원인재,2024-02-08,5062,2674,2388
동춘,2024-02-08,21248,10142,11106
동막,2024-02-08,9792,5269,4523
캠퍼스타운,2024-02-08,10828,5579,5249
테크노파크,2024-02-08,20465,10363,10102
지식정보단지,2024-02-08,8802,4334,4468
인천대입구,2024-02-08,12260,6225,6035
센트럴파크(재외동포청),2024-02-08,7597,3801,3796
국제업무지구,2024-02-08,3570,1842,1728
송도달빛축제공원,2024-02-08,9645,4933,4712
계양,2024-02-09,3652,1689,1963
귤현,2024-02-09,822,383,439
박촌,2024-02-09,3347,1733,1614
임학,2024-02-09,7565,3717,3848
계산,2024-02-09,10293,5241,5052
경인교대입구,2024-02-09,5441,2740,2701
작전,2024-02-09,12153,6141,6012
갈산,2024-02-09,5439,2837,2602
부평구청,2024-02-09,5798,2829,2969
부평시장,2024-02-09,12258,6047,6211
부평,2024-02-09,8054,4004,4050
동수,2024-02-09,3419,1707,1712
부평삼거리,2024-02-09,8450,4203,4247
간석오거리,2024-02-09,9847,5133,4714
인천시청,2024-02-09,3969,2039,1930
예술회관,2024-02-09,10164,5011,5153
인천터미널,2024-02-09,19691,8421,11270
문학경기장,2024-02-09,812,406,406
선학,2024-02-09,6524,3235,3289
신연수,2024-02-09,4118,2144,1974
원인재,2024-02-09,2072,1115,957
동춘,2024-02-09,11041,5377,5664
동막,2024-02-09,3819,2019,1800
캠퍼스타운,2024-02-09,4217,2202,2015
테크노파크,2024-02-09,12258,6238,6020
지식정보단지,2024-02-09,2198,1171,1027
인천대입구,2024-02-09,5349,2751,2598
센트럴파크(재외동포청),2024-02-09,4022,2080,1942
국제업무지구,2024-02-09,441,243,198
송도달빛축제공원,2024-02-09,4816,2451,2365
계양,2024-02-10,3052,1434,1618
귤현,2024-02-10,772,391,381
박촌,2024-02-10,3164,1608,1556
임학,2024-02-10,6629,3347,3282
계산,2024-02-10,8878,4482,4396
경인교대입구,2024-02-10,5234,2579,2655
작전,2024-02-10,10977,5499,5478
갈산,2024-02-10,4895,2588,2307
부평구청,2024-02-10,5354,2672,2682
부평시장,2024-02-10,9577,4772,4805
부평,2024-02-10,6021,2865,3156
동수,2024-02-10,3177,1621,1556
부평삼거리,2024-02-10,20808,10424,10384
간석오거리,2024-02-10,9309,4974,4335
인천시청,2024-02-10,3815,2001,1814
예술회관,2024-02-10,7948,3754,4194
인천터미널,2024-02-10,14050,7095,6955
문학경기장,2024-02-10,729,357,372
선학,2024-02-10,5813,2892,2921
신연수,2024-02-10,3609,1890,1719
원인재,2024-02-10,1929,1019,910
동춘,2024-02-10,9037,4479,4558
동막,2024-02-10,2975,1601,1374
캠퍼스타운,2024-02-10,3183,1598,1585
테크노파크,2024-02-10,6222,3067,3155
지식정보단지,2024-02-10,1567,782,785
인천대입구,2024-02-10,3802,1887,1915
센트럴파크(재외동포청),2024-02-10,3006,1458,1548
국제업무지구,2024-02-10,322,174,148
송도달빛축제공원,2024-02-10,3451,1720,1731
계양,2024-02-11,3759,1772,1987
귤현,2024-02-11,839,405,434
박촌,2024-02-11,3740,1971,1769
임학,2024-02-11,7911,3923,3988
계산,2024-02-11,11488,5747,5741
경인교대입구,2024-02-11,6244,3091,3153
작전,2024-02-11,12428,6410,6018
갈산,2024-02-11,5615,2890,2725
부평구청,2024-02-11,6214,3071,3143
부평시장,2024-02-11,11993,6062,5931
부평,2024-02-11,8909,4391,4518
동수,2024-02-11,3619,1809,1810
부평삼거리,2024-02-11,6876,3489,3387
간석오거리,2024-02-11,11435,5933,5502
인천시청,2024-02-11,4402,2266,2136
예술회관,2024-02-11,11114,5106,6008
인천터미널,2024-02-11,23838,12751,11087
문학경기장,2024-02-11,829,437,392
선학,2024-02-11,6982,3415,3567
신연수,2024-02-11,3842,2004,1838
원인재,2024-02-11,2124,1097,1027
동춘,2024-02-11,9210,4753,4457
동막,2024-02-11,3895,2060,1835
캠퍼스타운,2024-02-11,4548,2338,2210
테크노파크,2024-02-11,15132,7582,7550
지식정보단지,2024-02-11,2266,1136,1130
인천대입구,2024-02-11,5827,2750,3077
센트럴파크(재외동포청),2024-02-11,4161,2009,2152
국제업무지구,2024-02-11,563,298,265
송도달빛축제공원,2024-02-11,5456,2738,2718
계양,2024-02-12,4278,1999,2279
귤현,2024-02-12,942,451,491
박촌,2024-02-12,3850,2038,1812
임학,2024-02-12,8321,4230,4091
계산,2024-02-12,12707,6260,6447
경인교대입구,2024-02-12,6002,3033,2969
작전,2024-02-12,13405,6854,6551
갈산,2024-02-12,5988,3046,2942
부평구청,2024-02-12,6724,3320,3404
부평시장,2024-02-12,12745,6324,6421
부평,2024-02-12,9631,4908,4723
동수,2024-02-12,3670,1864,1806
부평삼거리,2024-02-12,5313,2637,2676
간석오거리,2024-02-12,12245,6283,5962
인천시청,2024-02-12,4716,2374,2342
예술회관,2024-02-12,12315,5915,6400
인천터미널,2024-02-12,24937,13220,11717
문학경기장,2024-02-12,1057,547,510
선학,2024-02-12,7110,3454,3656
신연수,2024-02-12,4269,2177,2092
원인재,2024-02-12,2306,1221,1085
동춘,2024-02-12,12043,5988,6055
동막,2024-02-12,4202,2188,2014
캠퍼스타운,2024-02-12,5242,2651,2591
테크노파크,2024-02-12,15175,7463,7712
지식정보단지,2024-02-12,2694,1262,1432
인천대입구,2024-02-12,6686,3181,3505
센트럴파크(재외동포청),2024-02-12,4811,2392,2419
국제업무지구,2024-02-12,658,368,290
송도달빛축제공원,2024-02-12,6018,2963,3055
계양,2024-02-13,7161,3555,3606
귤현,2024-02-13,2109,834,1275
박촌,2024-02-13,7296,3861,3435
임학,2024-02-13,15517,7873,7644
계산,2024-02-13,18194,9161,9033
경인교대입구,2024-02-13,10081,5031,5050
작전,2024-02-13,26353,13363,12990
갈산,2024-02-13,17953,9061,8892
부평구청,2024-02-13,12680,6173,6507
부평시장,2024-02-13,24881,12427,12454
부평,2024-02-13,13287,6678,6609
동수,2024-02-13,8066,4090,3976
부평삼거리,2024-02-13,5005,2510,2495
간석오거리,2024-02-13,20184,10533,9651
인천시청,2024-02-13,10231,5161,5070
예술회관,2024-02-13,23062,11368,11694
인천터미널,2024-02-13,26838,13586,13252
문학경기장,2024-02-13,3582,1797,1785
선학,2024-02-13,11508,5666,5842
신연수,2024-02-13,9835,5022,4813
원인재,2024-02-13,5200,2781,2419
동춘,2024-02-13,19174,9446,9728
동막,2024-02-13,9563,5038,4525
캠퍼스타운,2024-02-13,10424,5243,5181
테크노파크,2024-02-13,20122,10051,10071
지식정보단지,2024-02-13,8585,4120,4465
인천대입구,2024-02-13,13105,6465,6640
센트럴파크(재외동포청),2024-02-13,7126,3604,3522
국제업무지구,2024-02-13,3911,2016,1895
송도달빛축제공원,2024-02-13,9674,4824,4850
계양,2024-02-14,7663,3790,3873
귤현,2024-02-14,2251,868,1383
박촌,2024-02-14,7514,3949,3565
임학,2024-02-14,16257,8328,7929
계산,2024-02-14,19289,9806,9483
경인교대입구,2024-02-14,10684,5301,5383
작전,2024-02-14,28026,14246,13780
갈산,2024-02-14,20192,10250,9942
부평구청,2024-02-14,12982,6328,6654
부평시장,2024-02-14,26605,13290,13315
부평,2024-02-14,14133,6963,7170
동수,2024-02-14,8613,4367,4246
부평삼거리,2024-02-14,5001,2459,2542
간석오거리,2024-02-14,21773,11297,10476
인천시청,2024-02-14,11116,5623,5493
예술회관,2024-02-14,25403,12446,12957
인천터미널,2024-02-14,27063,13432,13631
문학경기장,2024-02-14,3659,1786,1873
선학,2024-02-14,12495,6173,6322
신연수,2024-02-14,10639,5447,5192
원인재,2024-02-14,5610,2985,2625
동춘,2024-02-14,20692,10202,10490
동막,2024-02-14,10596,5679,4917
캠퍼스타운,2024-02-14,11378,5700,5678
테크노파크,2024-02-14,22132,11087,11045
지식정보단지,2024-02-14,10178,4969,5209
인천대입구,2024-02-14,14065,7010,7055
센트럴파크(재외동포청),2024-02-14,7848,3938,3910
국제업무지구,2024-02-14,4077,2094,1983
송도달빛축제공원,2024-02-14,10495,5269,5226
계양,2024-02-15,7226,3580,3646
귤현,2024-02-15,2174,858,1316
박촌,2024-02-15,7247,3757,3490
임학,2024-02-15,15422,7731,7691
계산,2024-02-15,17881,9087,8794
경인교대입구,2024-02-15,10281,5127,5154
작전,2024-02-15,25985,13193,12792
갈산,2024-02-15,18452,9347,9105
부평구청,2024-02-15,12809,6296,6513
부평시장,2024-02-15,24609,12389,12220
부평,2024-02-15,13402,6760,6642
동수,2024-02-15,8016,4036,3980
부평삼거리,2024-02-15,4180,2104,2076
간석오거리,2024-02-15,20633,10706,9927
인천시청,2024-02-15,10467,5232,5235
예술회관,2024-02-15,23087,11376,11711
인천터미널,2024-02-15,24711,12153,12558
문학경기장,2024-02-15,3299,1666,1633
선학,2024-02-15,11346,5672,5674
신연수,2024-02-15,10155,5228,4927
원인재,2024-02-15,5500,2899,2601
동춘,2024-02-15,19898,9748,10150
동막,2024-02-15,10143,5364,4779
캠퍼스타운,2024-02-15,10995,5454,5541
테크노파크,2024-02-15,20737,10385,10352
지식정보단지,2024-02-15,9692,4693,4999
인천대입구,2024-02-15,13484,6791,6693
센트럴파크(재외동포청),2024-02-15,7290,3637,3653
국제업무지구,2024-02-15,4079,2059,2020
송도달빛축제공원,2024-02-15,9621,4822,4799
계양,2024-02-16,7886,3935,3951
귤현,2024-02-16,2380,962,1418
박촌,2024-02-16,7659,4052,3607
임학,2024-02-16,16765,8517,8248
계산,2024-02-16,19709,10046,9663
경인교대입구,2024-02-16,11155,5562,5593
작전,2024-02-16,28654,14576,14078
갈산,2024-02-16,19471,9953,9518
부평구청,2024-02-16,13855,6774,7081
부평시장,2024-02-16,27471,13758,13713
부평,2024-02-16,15242,7443,7799
동수,2024-02-16,8277,4246,4031
부평삼거리,2024-02-16,4911,2484,2427
간석오거리,2024-02-16,22189,11621,10568
인천시청,2024-02-16,11333,5767,5566
예술회관,2024-02-16,26093,12525,13568
인천터미널,2024-02-16,30715,14886,15829
문학경기장,2024-02-16,3549,1813,1736
선학,2024-02-16,12717,6350,6367
신연수,2024-02-16,10905,5614,5291
원인재,2024-02-16,6001,3228,2773
동춘,2024-02-16,21846,10784,11062
동막,2024-02-16,10691,5722,4969
캠퍼스타운,2024-02-16,11932,6011,5921
테크노파크,2024-02-16,23626,11985,11641
지식정보단지,2024-02-16,10283,5072,5211
인천대입구,2024-02-16,15611,7612,7999
센트럴파크(재외동포청),2024-02-16,8473,4237,4236
국제업무지구,2024-02-16,4031,2056,1975
송도달빛축제공원,2024-02-16,10915,5618,5297
계양,2024-02-17,6275,3007,3268
귤현,2024-02-17,1554,741,813
박촌,2024-02-17,5623,2970,2653
임학,2024-02-17,12468,6349,6119
계산,2024-02-17,18309,9102,9207
경인교대입구,2024-02-17,9131,4536,4595
작전,2024-02-17,22527,11605,10922
갈산,2024-02-17,10884,5590,5294
부평구청,2024-02-17,10307,5024,5283
부평시장,2024-02-17,19611,9845,9766
부평,2024-02-17,13971,6949,7022
동수,2024-02-17,5611,2848,2763
부평삼거리,2024-02-17,4485,2185,2300
간석오거리,2024-02-17,17079,8842,8237
인천시청,2024-02-17,7170,3697,3473
예술회관,2024-02-17,18176,8583,9593
인천터미널,2024-02-17,28663,14093,14570
문학경기장,2024-02-17,2887,1385,1502
선학,2024-02-17,10989,5560,5429
신연수,2024-02-17,6577,3520,3057
원인재,2024-02-17,4113,2190,1923
동춘,2024-02-17,15846,7867,7979
동막,2024-02-17,6884,3724,3160
캠퍼스타운,2024-02-17,7886,4163,3723
테크노파크,2024-02-17,18981,9391,9590
지식정보단지,2024-02-17,4337,2215,2122
인천대입구,2024-02-17,10645,5353,5292
센트럴파크(재외동포청),2024-02-17,6918,3388,3530
국제업무지구,2024-02-17,2021,1052,969
송도달빛축제공원,2024-02-17,8691,4430,4261
계양,2024-02-18,4333,1937,2396
귤현,2024-02-18,1006,453,553
박촌,2024-02-18,3997,2109,1888
임학,2024-02-18,8672,4335,4337
계산,2024-02-18,12696,6356,6340
경인교대입구,2024-02-18,6946,3463,3483
작전,2024-02-18,14214,7222,6992
갈산,2024-02-18,6504,3281,3223
부평구청,2024-02-18,7326,3586,3740
부평시장,2024-02-18,13844,6876,6968
부평,2024-02-18,9480,4962,4518
동수,2024-02-18,4123,2058,2065
부평삼거리,2024-02-18,3114,1525,1589
간석오거리,2024-02-18,11882,6152,5730
인천시청,2024-02-18,5028,2597,2431
예술회관,2024-02-18,11496,5593,5903
인천터미널,2024-02-18,21295,10801,10494
문학경기장,2024-02-18,1916,928,988
선학,2024-02-18,7330,3646,3684
신연수,2024-02-18,4145,2090,2055
원인재,2024-02-18,2319,1233,1086
동춘,2024-02-18,10790,5292,5498
동막,2024-02-18,4391,2279,2112
캠퍼스타운,2024-02-18,5561,2813,2748
테크노파크,2024-02-18,14654,7273,7381
지식정보단지,2024-02-18,2900,1389,1511
인천대입구,2024-02-18,7130,3409,3721
센트럴파크(재외동포청),2024-02-18,4216,2124,2092
국제업무지구,2024-02-18,891,480,411
송도달빛축제공원,2024-02-18,5926,2943,2983
계양,2024-02-19,6884,3427,3457
귤현,2024-02-19,2207,851,1356
박촌,2024-02-19,7038,3708,3330
임학,2024-02-19,15332,7733,7599
계산,2024-02-19,17757,8970,8787
경인교대입구,2024-02-19,10145,5073,5072
작전,2024-02-19,25919,13136,12783
갈산,2024-02-19,18789,9533,9256
부평구청,2024-02-19,12751,6215,6536
부평시장,2024-02-19,25095,12560,12535
부평,2024-02-19,12953,6409,6544
동수,2024-02-19,8045,4090,3955
부평삼거리,2024-02-19,4332,2175,2157
간석오거리,2024-02-19,20463,10702,9761
인천시청,2024-02-19,10277,5182,5095
예술회관,2024-02-19,23210,11455,11755
인천터미널,2024-02-19,24546,12040,12506
문학경기장,2024-02-19,3303,1608,1695
선학,2024-02-19,11083,5533,5550
신연수,2024-02-19,10354,5263,5091
원인재,2024-02-19,5509,2896,2613
동춘,2024-02-19,19184,9402,9782
동막,2024-02-19,9634,5020,4614
캠퍼스타운,2024-02-19,10691,5379,5312
테크노파크,2024-02-19,19784,9964,9820
지식정보단지,2024-02-19,9593,4645,4948
인천대입구,2024-02-19,12178,6134,6044
센트럴파크(재외동포청),2024-02-19,6857,3457,3400
국제업무지구,2024-02-19,3936,2027,1909
송도달빛축제공원,2024-02-19,9642,4893,4749
계양,2024-02-20,7408,3677,3731
귤현,2024-02-20,2226,880,1346
박촌,2024-02-20,7472,3906,3566
임학,2024-02-20,16212,8148,8064
계산,2024-02-20,18276,9219,9057
경인교대입구,2024-02-20,10480,5217,5263
작전,2024-02-20,27657,14002,13655
갈산,2024-02-20,19458,9850,9608
부평구청,2024-02-20,13292,6516,6776
부평시장,2024-02-20,26347,13170,13177
부평,2024-02-20,13485,6868,6617
동수,2024-02-20,8446,4220,4226
부평삼거리,2024-02-20,4552,2294,2258
간석오거리,2024-02-20,21259,10975,10284
인천시청,2024-02-20,11189,5714,5475
예술회관,2024-02-20,24165,11883,12282
인천터미널,2024-02-20,25176,12394,12782
문학경기장,2024-02-20,3787,1936,1851
선학,2024-02-20,12114,6116,5998
신연수,2024-02-20,11090,5599,5491
원인재,2024-02-20,5823,3098,2725
동춘,2024-02-20,20316,9871,10445
동막,2024-02-20,10004,5344,4660
캠퍼스타운,2024-02-20,11125,5565,5560
테크노파크,2024-02-20,21151,10597,10554
지식정보단지,2024-02-20,9973,4749,5224
인천대입구,2024-02-20,12985,6459,6526
센트럴파크(재외동포청),2024-02-20,7489,3757,3732
국제업무지구,2024-02-20,4155,2156,1999
송도달빛축제공원,2024-02-20,10006,5046,4960
계양,2024-02-21,7021,3500,3521
귤현,2024-02-21,2164,869,1295
박촌,2024-02-21,7180,3726,3454
임학,2024-02-21,15273,7643,7630
계산,2024-02-21,17747,9004,8743
경인교대입구,2024-02-21,10036,4977,5059
작전,2024-02-21,26110,13155,12955
갈산,2024-02-21,19201,9753,9448
부평구청,2024-02-21,13146,6495,6651
부평시장,2024-02-21,25194,12691,12503
부평,2024-02-21,13375,6773,6602
동수,2024-02-21,8165,4145,4020
부평삼거리,2024-02-21,4269,2133,2136
간석오거리,2024-02-21,20522,10674,9848
인천시청,2024-02-21,10846,5493,5353
예술회관,2024-02-21,23668,11617,12051
인천터미널,2024-02-21,24252,11941,12311
문학경기장,2024-02-21,3265,1656,1609
선학,2024-02-21,11485,5686,5799
신연수,2024-02-21,10346,5233,5113
원인재,2024-02-21,5717,3037,2680
동춘,2024-02-21,19672,9592,10080
동막,2024-02-21,10367,5546,4821
캠퍼스타운,2024-02-21,10676,5356,5320
테크노파크,2024-02-21,20529,10319,10210
지식정보단지,2024-02-21,9805,4725,5080
인천대입구,2024-02-21,13650,6135,7515
센트럴파크(재외동포청),2024-02-21,7189,3576,3613
국제업무지구,2024-02-21,3933,2027,1906
송도달빛축제공원,2024-02-21,9459,4812,4647
계양,2024-02-22,7835,3897,3938
귤현,2024-02-22,2263,886,1377
박촌,2024-02-22,7758,4034,3724
임학,2024-02-22,16819,8569,8250
계산,2024-02-22,19581,9939,9642
경인교대입구,2024-02-22,10904,5504,5400
작전,2024-02-22,28536,14512,14024
갈산,2024-02-22,20270,10207,10063
부평구청,2024-02-22,14474,7138,7336
부평시장,2024-02-22,26852,13497,13355
부평,2024-02-22,14134,7130,7004
동수,2024-02-22,8696,4410,4286
부평삼거리,2024-02-22,4762,2447,2315
간석오거리,2024-02-22,21939,11533,10406
인천시청,2024-02-22,11679,5882,5797
예술회관,2024-02-22,25321,12425,12896
인천터미널,2024-02-22,26900,13343,13557
문학경기장,2024-02-22,3681,1894,1787
선학,2024-02-22,12493,6325,6168
신연수,2024-02-22,11581,5781,5800
원인재,2024-02-22,6038,3220,2818
동춘,2024-02-22,21969,10668,11301
동막,2024-02-22,11272,5875,5397
캠퍼스타운,2024-02-22,11856,5944,5912
테크노파크,2024-02-22,22947,11474,11473
지식정보단지,2024-02-22,10586,5136,5450
인천대입구,2024-02-22,15220,7654,7566
센트럴파크(재외동포청),2024-02-22,8137,4050,4087
국제업무지구,2024-02-22,4361,2215,2146
송도달빛축제공원,2024-02-22,10472,5299,5173
계양,2024-02-23,7897,3868,4029
귤현,2024-02-23,2278,929,1349
박촌,2024-02-23,8170,4214,3956
임학,2024-02-23,17404,8769,8635
계산,2024-02-23,20420,10501,9919
경인교대입구,2024-02-23,11222,5572,5650
작전,2024-02-23,29141,14779,14362
갈산,2024-02-23,19598,9989,9609
부평구청,2024-02-23,13700,6705,6995
부평시장,2024-02-23,27675,13749,13926
부평,2024-02-23,15103,7461,7642
동수,2024-02-23,8207,4182,4025
부평삼거리,2024-02-23,4731,2406,2325
간석오거리,2024-02-23,21789,11271,10518
인천시청,2024-02-23,11413,5826,5587
예술회관,2024-02-23,26180,12476,13704
인천터미널,2024-02-23,29934,14442,15492
문학경기장,2024-02-23,3755,1910,1845
선학,2024-02-23,12909,6432,6477
신연수,2024-02-23,10817,5558,5259
원인재,2024-02-23,6246,3310,2936
동춘,2024-02-23,22186,10881,11305
동막,2024-02-23,10556,5591,4965
캠퍼스타운,2024-02-23,11912,6139,5773
테크노파크,2024-02-23,23205,11789,11416
지식정보단지,2024-02-23,10190,5099,5091
인천대입구,2024-02-23,15134,8084,7050
센트럴파크(재외동포청),2024-02-23,8467,4245,4222
국제업무지구,2024-02-23,4108,2125,1983
송도달빛축제공원,2024-02-23,10963,5659,5304
계양,2024-02-24,6035,2897,3138
귤현,2024-02-24,1547,725,822
박촌,2024-02-24,5702,3046,2656
임학,2024-02-24,12429,6287,6142
계산,2024-02-24,18897,9500,9397
경인교대입구,2024-02-24,9504,4747,4757
작전,2024-02-24,22123,11453,10670
갈산,2024-02-24,11262,5708,5554
부평구청,2024-02-24,10143,5021,5122
부평시장,2024-02-24,19424,9681,9743
부평,2024-02-24,14742,7371,7371
동수,2024-02-24,5494,2836,2658
부평삼거리,2024-02-24,4342,2156,2186
간석오거리,2024-02-24,16652,8626,8026
인천시청,2024-02-24,7288,3815,3473
예술회관,2024-02-24,18989,8998,9991
인천터미널,2024-02-24,28365,13798,14567
문학경기장,2024-02-24,3058,1478,1580
선학,2024-02-24,10570,5223,5347
신연수,2024-02-24,6280,3348,2932
원인재,2024-02-24,3522,1928,1594
동춘,2024-02-24,15427,7698,7729
동막,2024-02-24,6856,3587,3269
캠퍼스타운,2024-02-24,7988,4151,3837
테크노파크,2024-02-24,19064,9558,9506
지식정보단지,2024-02-24,4240,2192,2048
인천대입구,2024-02-24,11588,5666,5922
센트럴파크(재외동포청),2024-02-24,7134,3561,3573
국제업무지구,2024-02-24,1891,999,892
송도달빛축제공원,2024-02-24,8358,4248,4110
계양,2024-02-25,4260,1969,2291
귤현,2024-02-25,1102,490,612
박촌,2024-02-25,4222,2231,1991
임학,2024-02-25,9139,4617,4522
계산,2024-02-25,12707,6291,6416
경인교대입구,2024-02-25,7283,3623,3660
작전,2024-02-25,14642,7402,7240
갈산,2024-02-25,7222,3709,3513
부평구청,2024-02-25,7440,3681,3759
부평시장,2024-02-25,14665,7374,7291
부평,2024-02-25,10137,5338,4799
동수,2024-02-25,4089,2075,2014
부평삼거리,2024-02-25,3035,1526,1509
간석오거리,2024-02-25,12248,6362,5886
인천시청,2024-02-25,5357,2655,2702
예술회관,2024-02-25,12886,6173,6713
인천터미널,2024-02-25,23112,11663,11449
문학경기장,2024-02-25,1505,746,759
선학,2024-02-25,7645,3753,3892
신연수,2024-02-25,4412,2248,2164
원인재,2024-02-25,2981,1554,1427
동춘,2024-02-25,9640,4775,4865
동막,2024-02-25,4625,2396,2229
캠퍼스타운,2024-02-25,5927,2957,2970
테크노파크,2024-02-25,15600,7779,7821
지식정보단지,2024-02-25,2972,1464,1508
인천대입구,2024-02-25,7778,3824,3954
센트럴파크(재외동포청),2024-02-25,4527,2212,2315
국제업무지구,2024-02-25,827,431,396
송도달빛축제공원,2024-02-25,6489,3217,3272
계양,2024-02-26,7422,3638,3784
귤현,2024-02-26,2258,896,1362
박촌,2024-02-26,7286,3804,3482
임학,2024-02-26,15901,8047,7854
계산,2024-02-26,18948,9558,9390
경인교대입구,2024-02-26,10770,5406,5364
작전,2024-02-26,27563,14016,13547
갈산,2024-02-26,19238,9726,9512
부평구청,2024-02-26,13795,6830,6965
부평시장,2024-02-26,26357,13253,13104
부평,2024-02-26,13706,6895,6811
동수,2024-02-26,8226,4168,4058
부평삼거리,2024-02-26,4742,2383,2359
간석오거리,2024-02-26,21330,11095,10235
인천시청,2024-02-26,10692,5358,5334
예술회관,2024-02-26,24047,11872,12175
인천터미널,2024-02-26,26316,12938,13378
문학경기장,2024-02-26,3656,1822,1834
선학,2024-02-26,11815,5953,5862
신연수,2024-02-26,10813,5495,5318
원인재,2024-02-26,5729,3045,2684
동춘,2024-02-26,20688,10102,10586
동막,2024-02-26,10119,5311,4808
캠퍼스타운,2024-02-26,11224,5679,5545
테크노파크,2024-02-26,21476,10789,10687
지식정보단지,2024-02-26,9937,4818,5119
인천대입구,2024-02-26,13072,6510,6562
센트럴파크(재외동포청),2024-02-26,7500,3732,3768
국제업무지구,2024-02-26,4000,2069,1931
송도달빛축제공원,2024-02-26,10326,5080,5246
계양,2024-02-27,7806,3844,3962
귤현,2024-02-27,2320,914,1406
박촌,2024-02-27,7293,3791,3502
임학,2024-02-27,16220,8163,8057
계산,2024-02-27,19449,9772,9677
경인교대입구,2024-02-27,10831,5285,5546
작전,2024-02-27,28001,14222,13779
갈산,2024-02-27,19439,9917,9522
부평구청,2024-02-27,14031,6920,7111
부평시장,2024-02-27,26976,13492,13484
부평,2024-02-27,13405,6691,6714
동수,2024-02-27,8311,4186,4125
부평삼거리,2024-02-27,4825,2408,2417
간석오거리,2024-02-27,21631,11240,10391
인천시청,2024-02-27,11159,5627,5532
예술회관,2024-02-27,24516,11953,12563
인천터미널,2024-02-27,26633,13078,13555
문학경기장,2024-02-27,3614,1823,1791
선학,2024-02-27,12053,6051,6002
신연수,2024-02-27,10976,5559,5417
원인재,2024-02-27,5909,3142,2767
동춘,2024-02-27,20787,10177,10610
동막,2024-02-27,10504,5574,4930
캠퍼스타운,2024-02-27,11447,5714,5733
테크노파크,2024-02-27,22394,11187,11207
지식정보단지,2024-02-27,9929,4827,5102
인천대입구,2024-02-27,13073,6496,6577
센트럴파크(재외동포청),2024-02-27,8017,4050,3967
국제업무지구,2024-02-27,4139,2118,2021
송도달빛축제공원,2024-02-27,10611,5398,5213
계양,2024-02-28,7691,3852,3839
귤현,2024-02-28,2295,902,1393
박촌,2024-02-28,7497,3930,3567
임학,2024-02-28,16393,8237,8156
계산,2024-02-28,19606,9923,9683
경인교대입구,2024-02-28,10639,5296,5343
작전,2024-02-28,28049,14160,13889
갈산,2024-02-28,19271,9735,9536
부평구청,2024-02-28,13648,6727,6921
부평시장,2024-02-28,27196,13608,13588
부평,2024-02-28,14031,6956,7075
동수,2024-02-28,8365,4272,4093
부평삼거리,2024-02-28,4928,2479,2449
간석오거리,2024-02-28,21936,11361,10575
인천시청,2024-02-28,10892,5476,5416
예술회관,2024-02-28,25563,12505,13058
인천터미널,2024-02-28,27092,13285,13807
문학경기장,2024-02-28,3651,1856,1795
선학,2024-02-28,12578,6273,6305
신연수,2024-02-28,10628,5452,5176
원인재,2024-02-28,6081,3286,2795
동춘,2024-02-28,20985,10265,10720
동막,2024-02-28,10415,5547,4868
캠퍼스타운,2024-02-28,11504,5804,5700
테크노파크,2024-02-28,22438,11246,11192
지식정보단지,2024-02-28,10121,4875,5246
인천대입구,2024-02-28,13450,6732,6718
센트럴파크(재외동포청),2024-02-28,8031,4000,4031
국제업무지구,2024-02-28,4082,2094,1988
송도달빛축제공원,2024-02-28,10640,5339,5301
계양,2024-02-29,7867,3902,3965
귤현,2024-02-29,2193,875,1318
박촌,2024-02-29,7415,3942,3473
임학,2024-02-29,16566,8340,8226
계산,2024-02-29,20268,10375,9893
경인교대입구,2024-02-29,11375,5882,5493
작전,2024-02-29,28505,14597,13908
갈산,2024-02-29,19215,9800,9415
부평구청,2024-02-29,13658,6786,6872
부평시장,2024-02-29,27323,13675,13648
부평,2024-02-29,14815,7243,7572
동수,2024-02-29,8326,4226,4100
부평삼거리,2024-02-29,5014,2552,2462
간석오거리,2024-02-29,21971,11548,10423
인천시청,2024-02-29,11600,5838,5762
예술회관,2024-02-29,25901,12396,13505
인천터미널,2024-02-29,30054,14411,15643
문학경기장,2024-02-29,3586,1790,1796
선학,2024-02-29,12688,6312,6376
신연수,2024-02-29,10589,5412,5177
원인재,2024-02-29,6095,3148,2947
동춘,2024-02-29,21643,10663,10980
동막,2024-02-29,10521,5627,4894
캠퍼스타운,2024-02-29,11932,6119,5813
테크노파크,2024-02-29,23152,11603,11549
지식정보단지,2024-02-29,9925,4855,5070
인천대입구,2024-02-29,13968,6896,7072
센트럴파크(재외동포청),2024-02-29,8120,3993,4127
국제업무지구,2024-02-29,4127,2132,1995
송도달빛축제공원,2024-02-29,10935,5539,5396
계양,2024-03-01,4994,2304,2690
귤현,2024-03-01,1176,548,628
박촌,2024-03-01,4682,2437,2245
임학,2024-03-01,10546,5379,5167
계산,2024-03-01,14324,7343,6981
경인교대입구,2024-03-01,7735,3864,3871
작전,2024-03-01,16667,8622,8045
갈산,2024-03-01,8222,4219,4003
부평구청,2024-03-01,7964,3907,4057
부평시장,2024-03-01,15900,7921,7979
부평,2024-03-01,11936,6151,5785
동수,2024-03-01,4578,2341,2237
부평삼거리,2024-03-01,3583,1792,1791
간석오거리,2024-03-01,14169,7373,6796
인천시청,2024-03-01,5911,3054,2857
예술회관,2024-03-01,15844,7513,8331
인천터미널,2024-03-01,26048,12424,13624
문학경기장,2024-03-01,2189,1081,1108
선학,2024-03-01,9153,4543,4610
신연수,2024-03-01,5284,2794,2490
원인재,2024-03-01,3458,1844,1614
동춘,2024-03-01,14111,6988,7123
동막,2024-03-01,5312,2765,2547
캠퍼스타운,2024-03-01,7393,3808,3585
테크노파크,2024-03-01,19322,9740,9582
지식정보단지,2024-03-01,3889,2024,1865
인천대입구,2024-03-01,10616,5170,5446
센트럴파크(재외동포청),2024-03-01,5798,2776,3022
국제업무지구,2024-03-01,1585,846,739
송도달빛축제공원,2024-03-01,7378,3770,3608
계양,2024-03-02,5059,2472,2587
귤현,2024-03-02,1289,587,702
박촌,2024-03-02,4728,2476,2252
임학,2024-03-02,10923,5565,5358
계산,2024-03-02,14421,7235,7186
경인교대입구,2024-03-02,7738,3859,3879
작전,2024-03-02,18848,9567,9281
갈산,2024-03-02,8652,4486,4166
부평구청,2024-03-02,8510,4163,4347
부평시장,2024-03-02,16620,8255,8365
부평,2024-03-02,12493,6367,6126
동수,2024-03-02,4825,2475,2350
부평삼거리,2024-03-02,3533,1760,1773
간석오거리,2024-03-02,14772,7644,7128
인천시청,2024-03-02,5978,3114,2864
예술회관,2024-03-02,16122,7593,8529
인천터미널,2024-03-02,25361,12623,12738
문학경기장,2024-03-02,2410,1203,1207
선학,2024-03-02,8916,4473,4443
신연수,2024-03-02,5428,2794,2634
원인재,2024-03-02,2901,1561,1340
동춘,2024-03-02,14609,7178,7431
동막,2024-03-02,5435,2880,2555
캠퍼스타운,2024-03-02,8041,4187,3854
테크노파크,2024-03-02,18882,9402,9480
지식정보단지,2024-03-02,3615,1849,1766
인천대입구,2024-03-02,10149,4934,5215
센트럴파크(재외동포청),2024-03-02,5782,2837,2945
국제업무지구,2024-03-02,1664,892,772
송도달빛축제공원,2024-03-02,7429,3826,3603
계양,2024-03-03,4098,1925,2173
귤현,2024-03-03,963,464,499
박촌,2024-03-03,3971,2076,1895
임학,2024-03-03,8579,4355,4224
계산,2024-03-03,12319,6123,6196
경인교대입구,2024-03-03,7085,3456,3629
작전,2024-03-03,14194,7211,6983
갈산,2024-03-03,6367,3228,3139
부평구청,2024-03-03,6719,3288,3431
부평시장,2024-03-03,13968,7002,6966
부평,2024-03-03,9245,4869,4376
동수,2024-03-03,4109,2082,2027
부평삼거리,2024-03-03,3215,1637,1578
간석오거리,2024-03-03,12146,6328,5818
인천시청,2024-03-03,4909,2539,2370
예술회관,2024-03-03,11608,5682,5926
인천터미널,2024-03-03,22681,11549,11132
문학경기장,2024-03-03,1571,769,802
선학,2024-03-03,7711,3783,3928
신연수,2024-03-03,4463,2277,2186
원인재,2024-03-03,2741,1433,1308
동춘,2024-03-03,11453,5655,5798
동막,2024-03-03,4027,2065,1962
캠퍼스타운,2024-03-03,6284,3087,3197
테크노파크,2024-03-03,15381,7540,7841
지식정보단지,2024-03-03,2688,1267,1421
인천대입구,2024-03-03,8192,3955,4237
센트럴파크(재외동포청),2024-03-03,4226,2077,2149
국제업무지구,2024-03-03,803,414,389
송도달빛축제공원,2024-03-03,6156,3044,3112
계양,2024-03-04,7718,3836,3882
귤현,2024-03-04,2418,972,1446
박촌,2024-03-04,8085,4216,3869
임학,2024-03-04,16704,8400,8304
계산,2024-03-04,21881,11197,10684
경인교대입구,2024-03-04,11818,5901,5917
작전,2024-03-04,28500,14367,14133
갈산,2024-03-04,19235,9781,9454
부평구청,2024-03-04,13529,6630,6899
부평시장,2024-03-04,26917,13470,13447
부평,2024-03-04,12857,6310,6547
동수,2024-03-04,8135,4193,3942
부평삼거리,2024-03-04,5150,2613,2537
간석오거리,2024-03-04,21738,11358,10380
인천시청,2024-03-04,10984,5623,5361
예술회관,2024-03-04,24284,12033,12251
인천터미널,2024-03-04,23339,11315,12024
문학경기장,2024-03-04,3620,1768,1852
선학,2024-03-04,11977,6038,5939
신연수,2024-03-04,11809,5997,5812
원인재,2024-03-04,5874,3110,2764
동춘,2024-03-04,20178,9901,10277
동막,2024-03-04,10460,5564,4896
캠퍼스타운,2024-03-04,12317,6149,6168
테크노파크,2024-03-04,21892,10929,10963
지식정보단지,2024-03-04,10906,5326,5580
인천대입구,2024-03-04,19501,9671,9830
센트럴파크(재외동포청),2024-03-04,7291,3656,3635
국제업무지구,2024-03-04,4118,2116,2002
송도달빛축제공원,2024-03-04,10654,5335,5319
계양,2024-03-05,8045,3991,4054
귤현,2024-03-05,2420,966,1454
박촌,2024-03-05,8275,4334,3941
임학,2024-03-05,16872,8526,8346
계산,2024-03-05,21339,10875,10464
경인교대입구,2024-03-05,11767,5851,5916
작전,2024-03-05,29289,14776,14513
갈산,2024-03-05,19788,10049,9739
부평구청,2024-03-05,13809,6723,7086
부평시장,2024-03-05,27326,13668,13658
부평,2024-03-05,12770,6458,6312
동수,2024-03-05,8474,4324,4150
부평삼거리,2024-03-05,5353,2679,2674
간석오거리,2024-03-05,21955,11432,10523
인천시청,2024-03-05,11456,5803,5653
예술회관,2024-03-05,24193,11918,12275
인천터미널,2024-03-05,25910,12710,13200
문학경기장,2024-03-05,3771,1841,1930
선학,2024-03-05,12381,6190,6191
신연수,2024-03-05,11914,6055,5859
원인재,2024-03-05,6063,3243,2820
동춘,2024-03-05,20146,9870,10276
동막,2024-03-05,10545,5573,4972
캠퍼스타운,2024-03-05,12564,6410,6154
테크노파크,2024-03-05,21706,10959,10747
지식정보단지,2024-03-05,11077,5409,5668
인천대입구,2024-03-05,20063,10009,10054
센트럴파크(재외동포청),2024-03-05,7440,3723,3717
국제업무지구,2024-03-05,4139,2088,2051
송도달빛축제공원,2024-03-05,10923,5469,5454
계양,2024-03-06,8373,4164,4209
귤현,2024-03-06,2546,1001,1545
박촌,2024-03-06,8359,4367,3992
임학,2024-03-06,17141,8612,8529
계산,2024-03-06,22158,11182,10976
경인교대입구,2024-03-06,11770,5895,5875
작전,2024-03-06,29640,14926,14714
갈산,2024-03-06,19939,10100,9839
부평구청,2024-03-06,14180,7015,7165
부평시장,2024-03-06,27743,13857,13886
부평,2024-03-06,13481,6659,6822
동수,2024-03-06,8547,4321,4226
부평삼거리,2024-03-06,5464,2740,2724
간석오거리,2024-03-06,22814,11777,11037
인천시청,2024-03-06,11704,5905,5799
예술회관,2024-03-06,25241,12406,12835
인천터미널,2024-03-06,26899,13265,13634
문학경기장,2024-03-06,3838,1917,1921
선학,2024-03-06,12767,6394,6373
신연수,2024-03-06,12331,6257,6074
원인재,2024-03-06,6282,3372,2910
동춘,2024-03-06,21013,10357,10656
동막,2024-03-06,11161,5931,5230
캠퍼스타운,2024-03-06,13068,6551,6517
테크노파크,2024-03-06,22922,11559,11363
지식정보단지,2024-03-06,11516,5572,5944
인천대입구,2024-03-06,20159,10089,10070
센트럴파크(재외동포청),2024-03-06,7901,3979,3922
국제업무지구,2024-03-06,4141,2133,2008
송도달빛축제공원,2024-03-06,11310,5618,5692
계양,2024-03-07,8364,4127,4237
귤현,2024-03-07,2530,951,1579
박촌,2024-03-07,8399,4368,4031
임학,2024-03-07,17041,8573,8468
계산,2024-03-07,21687,10981,10706
경인교대입구,2024-03-07,11931,6013,5918
작전,2024-03-07,29031,14666,14365
갈산,2024-03-07,19803,10072,9731
부평구청,2024-03-07,14213,6937,7276
부평시장,2024-03-07,27719,13901,13818
부평,2024-03-07,13089,6612,6477
동수,2024-03-07,8606,4385,4221
부평삼거리,2024-03-07,5460,2765,2695
간석오거리,2024-03-07,22306,11635,10671
인천시청,2024-03-07,11370,5753,5617
예술회관,2024-03-07,24938,12209,12729
인천터미널,2024-03-07,27358,13523,13835
문학경기장,2024-03-07,3640,1867,1773
선학,2024-03-07,12770,6380,6390
신연수,2024-03-07,11952,6057,5895
원인재,2024-03-07,6249,3313,2936
동춘,2024-03-07,20846,10195,10651
동막,2024-03-07,10608,5612,4996
캠퍼스타운,2024-03-07,13403,7091,6312
테크노파크,2024-03-07,22473,11311,11162
지식정보단지,2024-03-07,11341,5539,5802
인천대입구,2024-03-07,20425,10202,10223
센트럴파크(재외동포청),2024-03-07,7746,3866,3880
국제업무지구,2024-03-07,4169,2125,2044
송도달빛축제공원,2024-03-07,10849,5351,5498
계양,2024-03-08,8270,4117,4153
귤현,2024-03-08,2469,981,1488
박촌,2024-03-08,8485,4404,4081
임학,2024-03-08,17124,8635,8489
계산,2024-03-08,21903,11190,10713
경인교대입구,2024-03-08,12145,6070,6075
작전,2024-03-08,29379,14866,14513
갈산,2024-03-08,20051,10180,9871
부평구청,2024-03-08,14593,7131,7462
부평시장,2024-03-08,28234,14045,14189
부평,2024-03-08,14581,7194,7387
동수,2024-03-08,8590,4394,4196
부평삼거리,2024-03-08,5474,2795,2679
간석오거리,2024-03-08,22263,11695,10568
인천시청,2024-03-08,11871,5924,5947
예술회관,2024-03-08,26466,12839,13627
인천터미널,2024-03-08,31024,15234,15790
문학경기장,2024-03-08,3879,1969,1910
선학,2024-03-08,13410,6691,6719
신연수,2024-03-08,11674,6019,5655
원인재,2024-03-08,6215,3284,2931
동춘,2024-03-08,21971,10688,11283
동막,2024-03-08,11230,5963,5267
캠퍼스타운,2024-03-08,13866,7428,6438
테크노파크,2024-03-08,23873,12059,11814
지식정보단지,2024-03-08,11138,5452,5686
인천대입구,2024-03-08,19308,9742,9566
센트럴파크(재외동포청),2024-03-08,8006,3983,4023
국제업무지구,2024-03-08,4216,2176,2040
송도달빛축제공원,2024-03-08,11127,5605,5522
계양,2024-03-09,6192,2983,3209
귤현,2024-03-09,1520,737,783
박촌,2024-03-09,5876,3070,2806
임학,2024-03-09,12758,6477,6281
계산,2024-03-09,18524,9257,9267
경인교대입구,2024-03-09,9483,4768,4715
작전,2024-03-09,22908,11709,11199
갈산,2024-03-09,10293,5324,4969
부평구청,2024-03-09,10335,5048,5287
부평시장,2024-03-09,19382,9678,9704
부평,2024-03-09,14147,7039,7108
동수,2024-03-09,5632,2894,2738
부평삼거리,2024-03-09,4212,2102,2110
간석오거리,2024-03-09,16534,8620,7914
인천시청,2024-03-09,7633,3940,3693
예술회관,2024-03-09,18828,8834,9994
인천터미널,2024-03-09,28826,14167,14659
문학경기장,2024-03-09,2912,1422,1490
선학,2024-03-09,10777,5451,5326
신연수,2024-03-09,6348,3349,2999
원인재,2024-03-09,3740,1992,1748
동춘,2024-03-09,15644,7718,7926
동막,2024-03-09,6629,3585,3044
캠퍼스타운,2024-03-09,8822,4660,4162
테크노파크,2024-03-09,19409,9618,9791
지식정보단지,2024-03-09,4236,2178,2058
인천대입구,2024-03-09,11195,5677,5518
센트럴파크(재외동포청),2024-03-09,6928,3398,3530
국제업무지구,2024-03-09,1964,1030,934
송도달빛축제공원,2024-03-09,8426,4289,4137
계양,2024-03-10,4645,2161,2484
귤현,2024-03-10,1052,482,570
박촌,2024-03-10,4325,2280,2045
임학,2024-03-10,9380,4713,4667
계산,2024-03-10,13503,6702,6801
경인교대입구,2024-03-10,7595,3747,3848
작전,2024-03-10,15206,7803,7403
갈산,2024-03-10,6583,3375,3208
부평구청,2024-03-10,7245,3636,3609
부평시장,2024-03-10,15147,7531,7616
부평,2024-03-10,10041,5313,4728
동수,2024-03-10,4101,2044,2057
부평삼거리,2024-03-10,3457,1691,1766
간석오거리,2024-03-10,12522,6489,6033
인천시청,2024-03-10,5422,2751,2671
예술회관,2024-03-10,12579,6123,6456
인천터미널,2024-03-10,23185,11580,11605
문학경기장,2024-03-10,1343,677,666
선학,2024-03-10,8162,4041,4121
신연수,2024-03-10,4687,2397,2290
원인재,2024-03-10,2612,1385,1227
동춘,2024-03-10,9605,4766,4839
동막,2024-03-10,4452,2307,2145
캠퍼스타운,2024-03-10,6784,3229,3555
테크노파크,2024-03-10,15887,7918,7969
지식정보단지,2024-03-10,3026,1466,1560
인천대입구,2024-03-10,8331,3929,4402
센트럴파크(재외동포청),2024-03-10,4598,2275,2323
국제업무지구,2024-03-10,871,452,419
송도달빛축제공원,2024-03-10,6460,3187,3273
계양,2024-03-11,8046,4011,4035
귤현,2024-03-11,2432,952,1480
박촌,2024-03-11,8129,4232,3897
임학,2024-03-11,16695,8415,8280
계산,2024-03-11,21670,11072,10598
경인교대입구,2024-03-11,11777,5903,5874
작전,2024-03-11,28720,14510,14210
갈산,2024-03-11,19462,9897,9565
부평구청,2024-03-11,13749,6715,7034
부평시장,2024-03-11,26865,13463,13402
부평,2024-03-11,12744,6298,6446
동수,2024-03-11,8375,4242,4133
부평삼거리,2024-03-11,5272,2668,2604
간석오거리,2024-03-11,21566,11263,10303
인천시청,2024-03-11,11342,5725,5617
예술회관,2024-03-11,24301,12001,12300
인천터미널,2024-03-11,26169,12674,13495
문학경기장,2024-03-11,3915,1928,1987
선학,2024-03-11,12057,6089,5968
신연수,2024-03-11,11840,5958,5882
원인재,2024-03-11,5725,3018,2707
동춘,2024-03-11,20436,9988,10448
동막,2024-03-11,10782,5712,5070
캠퍼스타운,2024-03-11,12900,6433,6467
테크노파크,2024-03-11,21361,10726,10635
지식정보단지,2024-03-11,11199,5431,5768
인천대입구,2024-03-11,19633,9799,9834
센트럴파크(재외동포청),2024-03-11,7367,3705,3662
국제업무지구,2024-03-11,4193,2145,2048
송도달빛축제공원,2024-03-11,10735,5409,5326
계양,2024-03-12,8114,4049,4065
귤현,2024-03-12,2460,982,1478
박촌,2024-03-12,8143,4263,3880
임학,2024-03-12,16783,8457,8326
계산,2024-03-12,20732,10589,10143
경인교대입구,2024-03-12,11484,5764,5720
작전,2024-03-12,29050,14662,14388
갈산,2024-03-12,19447,9837,9610
부평구청,2024-03-12,13956,6841,7115
부평시장,2024-03-12,26846,13491,13355
부평,2024-03-12,12746,6402,6344
동수,2024-03-12,8531,4304,4227
부평삼거리,2024-03-12,5174,2578,2596
간석오거리,2024-03-12,21981,11444,10537
인천시청,2024-03-12,11277,5709,5568
예술회관,2024-03-12,24368,12094,12274
인천터미널,2024-03-12,25779,12609,13170
문학경기장,2024-03-12,3731,1845,1886
선학,2024-03-12,12110,6032,6078
신연수,2024-03-12,11958,6047,5911
원인재,2024-03-12,5819,3096,2723
동춘,2024-03-12,20290,9938,10352
동막,2024-03-12,10637,5620,5017
캠퍼스타운,2024-03-12,12569,6390,6179
테크노파크,2024-03-12,21375,10707,10668
지식정보단지,2024-03-12,10829,5233,5596
인천대입구,2024-03-12,17269,8673,8596
센트럴파크(재외동포청),2024-03-12,7637,3830,3807
국제업무지구,2024-03-12,4205,2148,2057
송도달빛축제공원,2024-03-12,10558,5286,5272
계양,2024-03-13,8408,4219,4189
귤현,2024-03-13,2539,1004,1535
박촌,2024-03-13,8415,4393,4022
임학,2024-03-13,17271,8709,8562
계산,2024-03-13,22424,11475,10949
경인교대입구,2024-03-13,12030,5967,6063
작전,2024-03-13,29824,15011,14813
갈산,2024-03-13,19974,10166,9808
부평구청,2024-03-13,14195,6972,7223
부평시장,2024-03-13,28064,14063,14001
부평,2024-03-13,13589,6869,6720
동수,2024-03-13,8461,4297,4164
부평삼거리,2024-03-13,5410,2718,2692
간석오거리,2024-03-13,22581,11778,10803
인천시청,2024-03-13,11679,5904,5775
예술회관,2024-03-13,25485,12432,13053
인천터미널,2024-03-13,26787,13079,13708
문학경기장,2024-03-13,3680,1837,1843
선학,2024-03-13,12982,6546,6436
신연수,2024-03-13,12325,6250,6075
원인재,2024-03-13,5983,3200,2783
동춘,2024-03-13,20938,10341,10597
동막,2024-03-13,11217,5986,5231
캠퍼스타운,2024-03-13,13095,6684,6411
테크노파크,2024-03-13,22631,11360,11271
지식정보단지,2024-03-13,11372,5526,5846
인천대입구,2024-03-13,20170,10013,10157
센트럴파크(재외동포청),2024-03-13,7973,3963,4010
국제업무지구,2024-03-13,4302,2187,2115
송도달빛축제공원,2024-03-13,11000,5542,5458
계양,2024-03-14,8505,4205,4300
귤현,2024-03-14,2592,1009,1583
박촌,2024-03-14,8338,4342,3996
임학,2024-03-14,17387,8704,8683
계산,2024-03-14,22106,11248,10858
경인교대입구,2024-03-14,12131,6105,6026
작전,2024-03-14,29549,14896,14653
갈산,2024-03-14,19951,10102,9849
부평구청,2024-03-14,14230,6989,7241
부평시장,2024-03-14,27681,13922,13759
부평,2024-03-14,13840,6931,6909
동수,2024-03-14,8574,4337,4237
부평삼거리,2024-03-14,5750,2869,2881
간석오거리,2024-03-14,22400,11685,10715
인천시청,2024-03-14,11838,5886,5952
예술회관,2024-03-14,24943,12133,12810
인천터미널,2024-03-14,27805,13862,13943
문학경기장,2024-03-14,6734,3371,3363
선학,2024-03-14,13017,6500,6517
신연수,2024-03-14,12250,6215,6035
원인재,2024-03-14,6089,3242,2847
동춘,2024-03-14,20876,10260,10616
동막,2024-03-14,10822,5702,5120
캠퍼스타운,2024-03-14,13939,7402,6537
테크노파크,2024-03-14,22907,11464,11443
지식정보단지,2024-03-14,11369,5606,5763
인천대입구,2024-03-14,20023,10049,9974
센트럴파크(재외동포청),2024-03-14,8495,4159,4336
국제업무지구,2024-03-14,4229,2143,2086
송도달빛축제공원,2024-03-14,11158,5610,5548
계양,2024-03-15,8518,4232,4286
귤현,2024-03-15,2589,1007,1582
박촌,2024-03-15,8456,4456,4000
임학,2024-03-15,17615,8792,8823
계산,2024-03-15,22156,11189,10967
경인교대입구,2024-03-15,11938,6062,5876
작전,2024-03-15,30232,15315,14917
갈산,2024-03-15,20027,10240,9787
부평구청,2024-03-15,14614,7189,7425
부평시장,2024-03-15,28721,14287,14434
부평,2024-03-15,15279,7485,7794
동수,2024-03-15,8534,4350,4184
부평삼거리,2024-03-15,5723,2922,2801
간석오거리,2024-03-15,22360,11737,10623
인천시청,2024-03-15,11844,5967,5877
예술회관,2024-03-15,25992,12501,13491
인천터미널,2024-03-15,32250,15772,16478
문학경기장,2024-03-15,6038,3089,2949
선학,2024-03-15,13672,6892,6780
신연수,2024-03-15,11963,6162,5801
원인재,2024-03-15,6197,3308,2889
동춘,2024-03-15,21771,10551,11220
동막,2024-03-15,11218,5975,5243
캠퍼스타운,2024-03-15,13629,7085,6544
테크노파크,2024-03-15,23785,11984,11801
지식정보단지,2024-03-15,11220,5499,5721
인천대입구,2024-03-15,19106,9756,9350
센트럴파크(재외동포청),2024-03-15,8558,4210,4348
국제업무지구,2024-03-15,4220,2152,2068
송도달빛축제공원,2024-03-15,11574,5798,5776
계양,2024-03-16,6843,3272,3571
귤현,2024-03-16,1604,747,857
박촌,2024-03-16,6050,3182,2868
임학,2024-03-16,13342,6819,6523
계산,2024-03-16,19441,9602,9839
경인교대입구,2024-03-16,9426,4773,4653
작전,2024-03-16,23607,12113,11494
갈산,2024-03-16,10606,5504,5102
부평구청,2024-03-16,10669,5266,5403
부평시장,2024-03-16,20459,10383,10076
부평,2024-03-16,14317,6994,7323
동수,2024-03-16,5437,2777,2660
부평삼거리,2024-03-16,4299,2139,2160
간석오거리,2024-03-16,16962,8787,8175
인천시청,2024-03-16,7903,4129,3774
예술회관,2024-03-16,18665,8791,9874
인천터미널,2024-03-16,30076,14750,15326
문학경기장,2024-03-16,7962,3854,4108
선학,2024-03-16,11071,5564,5507
신연수,2024-03-16,6679,3510,3169
원인재,2024-03-16,3971,2113,1858
동춘,2024-03-16,16240,8053,8187
동막,2024-03-16,6895,3638,3257
캠퍼스타운,2024-03-16,9230,4704,4526
테크노파크,2024-03-16,20364,10084,10280
지식정보단지,2024-03-16,4422,2259,2163
인천대입구,2024-03-16,11956,6118,5838
센트럴파크(재외동포청),2024-03-16,8406,4085,4321
국제업무지구,2024-03-16,2061,1084,977
송도달빛축제공원,2024-03-16,9176,4704,4472
계양,2024-03-17,4793,2267,2526
귤현,2024-03-17,1170,571,599
박촌,2024-03-17,4321,2289,2032
임학,2024-03-17,9324,4817,4507
계산,2024-03-17,14234,7122,7112
경인교대입구,2024-03-17,7521,3763,3758
작전,2024-03-17,15338,7862,7476
갈산,2024-03-17,7020,3570,3450
부평구청,2024-03-17,7458,3661,3797
부평시장,2024-03-17,14941,7477,7464
부평,2024-03-17,9770,5129,4641
동수,2024-03-17,4208,2159,2049
부평삼거리,2024-03-17,3526,1762,1764
간석오거리,2024-03-17,12732,6574,6158
인천시청,2024-03-17,5821,2949,2872
예술회관,2024-03-17,12287,5969,6318
인천터미널,2024-03-17,24226,12323,11903
문학경기장,2024-03-17,6653,3316,3337
선학,2024-03-17,8355,4128,4227
신연수,2024-03-17,4841,2415,2426
원인재,2024-03-17,2503,1297,1206
동춘,2024-03-17,11621,5749,5872
동막,2024-03-17,4391,2333,2058
캠퍼스타운,2024-03-17,6891,3210,3681
테크노파크,2024-03-17,15503,7613,7890
지식정보단지,2024-03-17,2957,1462,1495
인천대입구,2024-03-17,8397,3966,4431
센트럴파크(재외동포청),2024-03-17,5018,2451,2567
국제업무지구,2024-03-17,841,438,403
송도달빛축제공원,2024-03-17,6422,3163,3259
계양,2024-03-18,8044,3992,4052
귤현,2024-03-18,2538,1023,1515
박촌,2024-03-18,8259,4277,3982
임학,2024-03-18,16614,8365,8249
계산,2024-03-18,21949,11221,10728
경인교대입구,2024-03-18,11852,5924,5928
작전,2024-03-18,29145,14730,14415
갈산,2024-03-18,19417,9887,9530
부평구청,2024-03-18,13687,6687,7000
부평시장,2024-03-18,27456,13836,13620
부평,2024-03-18,12987,6478,6509
동수,2024-03-18,8361,4212,4149
부평삼거리,2024-03-18,5436,2788,2648
간석오거리,2024-03-18,22125,11514,10611
인천시청,2024-03-18,11154,5593,5561
예술회관,2024-03-18,23806,11814,11992
인천터미널,2024-03-18,26925,13077,13848
문학경기장,2024-03-18,5961,2921,3040
선학,2024-03-18,12157,6089,6068
신연수,2024-03-18,12039,6049,5990
원인재,2024-03-18,5670,3008,2662
동춘,2024-03-18,20225,9901,10324
동막,2024-03-18,11111,5918,5193
캠퍼스타운,2024-03-18,13107,6525,6582
테크노파크,2024-03-18,21822,10954,10868
지식정보단지,2024-03-18,11146,5412,5734
인천대입구,2024-03-18,19636,9739,9897
센트럴파크(재외동포청),2024-03-18,7580,3835,3745
국제업무지구,2024-03-18,4018,2036,1982
송도달빛축제공원,2024-03-18,10889,5500,5389
계양,2024-03-19,8183,4100,4083
귤현,2024-03-19,2506,981,1525
박촌,2024-03-19,8311,4339,3972
임학,2024-03-19,16464,8268,8196
계산,2024-03-19,21000,10641,10359
경인교대입구,2024-03-19,11579,5785,5794
작전,2024-03-19,28736,14544,14192
갈산,2024-03-19,19990,10113,9877
부평구청,2024-03-19,13925,6785,7140
부평시장,2024-03-19,27390,13721,13669
부평,2024-03-19,12762,6335,6427
동수,2024-03-19,8458,4300,4158
부평삼거리,2024-03-19,5255,2630,2625
간석오거리,2024-03-19,22228,11522,10706
인천시청,2024-03-19,11324,5687,5637
예술회관,2024-03-19,24319,12063,12256
인천터미널,2024-03-19,25830,12710,13120
문학경기장,2024-03-19,4710,2288,2422
선학,2024-03-19,12380,6172,6208
신연수,2024-03-19,12070,6159,5911
원인재,2024-03-19,5836,3170,2666
동춘,2024-03-19,20261,9937,10324
동막,2024-03-19,10999,5763,5236
캠퍼스타운,2024-03-19,12572,6378,6194
테크노파크,2024-03-19,21893,10972,10921
지식정보단지,2024-03-19,11174,5410,5764
인천대입구,2024-03-19,20056,10045,10011
센트럴파크(재외동포청),2024-03-19,7603,3779,3824
국제업무지구,2024-03-19,4279,2179,2100
송도달빛축제공원,2024-03-19,10713,5342,5371
계양,2024-03-20,8175,4097,4078
귤현,2024-03-20,2579,1009,1570
박촌,2024-03-20,8586,4485,4101
임학,2024-03-20,17155,8645,8510
계산,2024-03-20,22120,11182,10938
경인교대입구,2024-03-20,11956,5974,5982
작전,2024-03-20,29463,14922,14541
갈산,2024-03-20,20088,10276,9812
부평구청,2024-03-20,13933,6871,7062
부평시장,2024-03-20,27249,13694,13555
부평,2024-03-20,13510,6738,6772
동수,2024-03-20,8611,4354,4257
부평삼거리,2024-03-20,5204,2616,2588
간석오거리,2024-03-20,22488,11697,10791
인천시청,2024-03-20,11644,5871,5773
예술회관,2024-03-20,24778,12194,12584
인천터미널,2024-03-20,26366,12985,13381
문학경기장,2024-03-20,3649,1850,1799
선학,2024-03-20,12859,6438,6421
신연수,2024-03-20,12316,6316,6000
원인재,2024-03-20,6079,3289,2790
동춘,2024-03-20,20658,10056,10602
동막,2024-03-20,11205,5923,5282
캠퍼스타운,2024-03-20,12971,6630,6341
테크노파크,2024-03-20,22635,11412,11223
지식정보단지,2024-03-20,11438,5534,5904
인천대입구,2024-03-20,20221,10084,10137
센트럴파크(재외동포청),2024-03-20,7836,3932,3904
국제업무지구,2024-03-20,4241,2148,2093
송도달빛축제공원,2024-03-20,10991,5448,5543
계양,2024-03-21,8367,4129,4238
귤현,2024-03-21,2632,1035,1597
박촌,2024-03-21,8650,4518,4132
임학,2024-03-21,17107,8634,8473
계산,2024-03-21,22325,11250,11075
경인교대입구,2024-03-21,11992,6094,5898
작전,2024-03-21,29755,15069,14686
갈산,2024-03-21,20009,10154,9855
부평구청,2024-03-21,14354,6963,7391
부평시장,2024-03-21,28431,14161,14270
부평,2024-03-21,13775,6888,6887
동수,2024-03-21,8608,4315,4293
부평삼거리,2024-03-21,5460,2753,2707
간석오거리,2024-03-21,22349,11661,10688
인천시청,2024-03-21,11791,5978,5813
예술회관,2024-03-21,25223,12442,12781
인천터미널,2024-03-21,27592,13708,13884
문학경기장,2024-03-21,4008,2113,1895
선학,2024-03-21,12570,6266,6304
신연수,2024-03-21,12153,6110,6043
원인재,2024-03-21,6267,3312,2955
동춘,2024-03-21,20921,10277,10644
동막,2024-03-21,10924,5800,5124
캠퍼스타운,2024-03-21,13568,7178,6390
테크노파크,2024-03-21,22763,11529,11234
지식정보단지,2024-03-21,11556,5572,5984
인천대입구,2024-03-21,20653,10510,10143
센트럴파크(재외동포청),2024-03-21,8035,3960,4075
국제업무지구,2024-03-21,4215,2168,2047
송도달빛축제공원,2024-03-21,11178,5568,5610
계양,2024-03-22,8140,4065,4075
귤현,2024-03-22,2531,988,1543
박촌,2024-03-22,8494,4409,4085
임학,2024-03-22,17133,8587,8546
계산,2024-03-22,21278,10811,10467
경인교대입구,2024-03-22,11494,5786,5708
작전,2024-03-22,29397,14929,14468
갈산,2024-03-22,19879,10144,9735
부평구청,2024-03-22,14098,6891,7207
부평시장,2024-03-22,27742,13742,14000
부평,2024-03-22,14738,7180,7558
동수,2024-03-22,8341,4290,4051
부평삼거리,2024-03-22,4977,2521,2456
간석오거리,2024-03-22,22148,11575,10573
인천시청,2024-03-22,11701,5966,5735
예술회관,2024-03-22,25769,12506,13263
인천터미널,2024-03-22,30605,15061,15544
문학경기장,2024-03-22,3922,2008,1914
선학,2024-03-22,13104,6561,6543
신연수,2024-03-22,11496,5866,5630
원인재,2024-03-22,6211,3266,2945
동춘,2024-03-22,21461,10443,11018
동막,2024-03-22,11190,5962,5228
캠퍼스타운,2024-03-22,13608,7187,6421
테크노파크,2024-03-22,22987,11559,11428
지식정보단지,2024-03-22,10855,5301,5554
인천대입구,2024-03-22,18662,9475,9187
센트럴파크(재외동포청),2024-03-22,8726,4321,4405
국제업무지구,2024-03-22,4116,2101,2015
송도달빛축제공원,2024-03-22,11098,5563,5535
계양,2024-03-23,6732,3244,3488
귤현,2024-03-23,1574,749,825
박촌,2024-03-23,6067,3200,2867
임학,2024-03-23,13944,7137,6807
계산,2024-03-23,19217,9529,9688
경인교대입구,2024-03-23,9579,4824,4755
작전,2024-03-23,23675,12131,11544
갈산,2024-03-23,10820,5657,5163
부평구청,2024-03-23,10812,5287,5525
부평시장,2024-03-23,20100,10065,10035
부평,2024-03-23,14771,7082,7689
동수,2024-03-23,5711,2947,2764
부평삼거리,2024-03-23,4478,2233,2245
간석오거리,2024-03-23,17733,9241,8492
인천시청,2024-03-23,8175,4247,3928
예술회관,2024-03-23,19477,9284,10193
인천터미널,2024-03-23,31805,15836,15969
문학경기장,2024-03-23,19948,8998,10950
선학,2024-03-23,11597,6007,5590
신연수,2024-03-23,6959,3635,3324
원인재,2024-03-23,3988,2096,1892
동춘,2024-03-23,16383,8144,8239
동막,2024-03-23,6784,3619,3165
캠퍼스타운,2024-03-23,9223,4822,4401
테크노파크,2024-03-23,20282,9949,10333
지식정보단지,2024-03-23,4510,2330,2180
인천대입구,2024-03-23,12049,6095,5954
센트럴파크(재외동포청),2024-03-23,8106,3938,4168
국제업무지구,2024-03-23,1903,1000,903
송도달빛축제공원,2024-03-23,9233,4687,4546
계양,2024-03-24,5572,2683,2889
귤현,2024-03-24,1223,586,637
박촌,2024-03-24,4529,2342,2187
임학,2024-03-24,9510,4892,4618
계산,2024-03-24,15252,7485,7767
경인교대입구,2024-03-24,7756,3858,3898
작전,2024-03-24,16057,8208,7849
갈산,2024-03-24,7430,3846,3584
부평구청,2024-03-24,7986,3964,4022
부평시장,2024-03-24,15688,7848,7840
부평,2024-03-24,10663,5463,5200
동수,2024-03-24,4297,2167,2130
부평삼거리,2024-03-24,4088,2055,2033
간석오거리,2024-03-24,13025,6849,6176
인천시청,2024-03-24,5871,3041,2830
예술회관,2024-03-24,13029,6308,6721
인천터미널,2024-03-24,25887,13235,12652
문학경기장,2024-03-24,17154,8454,8700
선학,2024-03-24,8863,4412,4451
신연수,2024-03-24,4858,2452,2406
원인재,2024-03-24,2806,1470,1336
동춘,2024-03-24,10037,5043,4994
동막,2024-03-24,4610,2343,2267
캠퍼스타운,2024-03-24,7318,3486,3832
테크노파크,2024-03-24,16235,7972,8263
지식정보단지,2024-03-24,3048,1500,1548
인천대입구,2024-03-24,8730,4125,4605
센트럴파크(재외동포청),2024-03-24,6074,2997,3077
국제업무지구,2024-03-24,916,481,435
송도달빛축제공원,2024-03-24,7234,3637,3597
계양,2024-03-25,7722,3822,3900
귤현,2024-03-25,2461,978,1483
박촌,2024-03-25,7986,4173,3813
임학,2024-03-25,16397,8222,8175
계산,2024-03-25,21136,10792,10344
경인교대입구,2024-03-25,11700,5828,5872
작전,2024-03-25,28527,14459,14068
갈산,2024-03-25,19309,9788,9521
부평구청,2024-03-25,13331,6485,6846
부평시장,2024-03-25,26668,13336,13332
부평,2024-03-25,12638,6418,6220
동수,2024-03-25,8274,4180,4094
부평삼거리,2024-03-25,5038,2553,2485
간석오거리,2024-03-25,21431,11109,10322
인천시청,2024-03-25,11131,5590,5541
예술회관,2024-03-25,23779,11836,11943
인천터미널,2024-03-25,25172,12323,12849
문학경기장,2024-03-25,3569,1764,1805
선학,2024-03-25,12024,5970,6054
신연수,2024-03-25,11887,5989,5898
원인재,2024-03-25,5688,3031,2657
동춘,2024-03-25,19983,9739,10244
동막,2024-03-25,10599,5577,5022
캠퍼스타운,2024-03-25,12780,6403,6377
테크노파크,2024-03-25,21413,10716,10697
지식정보단지,2024-03-25,10888,5256,5632
인천대입구,2024-03-25,19117,9480,9637
센트럴파크(재외동포청),2024-03-25,7373,3671,3702
국제업무지구,2024-03-25,3974,2043,1931
송도달빛축제공원,2024-03-25,10273,5206,5067
계양,2024-03-26,8189,4078,4111
귤현,2024-03-26,2597,1021,1576
박촌,2024-03-26,8228,4258,3970
임학,2024-03-26,16783,8477,8306
계산,2024-03-26,20749,10547,10202
경인교대입구,2024-03-26,11852,5967,5885
작전,2024-03-26,29528,14956,14572
갈산,2024-03-26,19904,10153,9751
부평구청,2024-03-26,14210,6945,7265
부평시장,2024-03-26,27353,13666,13687
부평,2024-03-26,12819,6419,6400
동수,2024-03-26,8618,4353,4265
부평삼거리,2024-03-26,5432,2724,2708
간석오거리,2024-03-26,21995,11449,10546
인천시청,2024-03-26,12331,6157,6174
예술회관,2024-03-26,24517,12092,12425
인천터미널,2024-03-26,26236,12857,13379
문학경기장,2024-03-26,11072,5371,5701
선학,2024-03-26,12428,6205,6223
신연수,2024-03-26,12058,6097,5961
원인재,2024-03-26,5834,3152,2682
동춘,2024-03-26,20899,10236,10663
동막,2024-03-26,10717,5675,5042
캠퍼스타운,2024-03-26,12848,6563,6285
테크노파크,2024-03-26,22058,11104,10954
지식정보단지,2024-03-26,11065,5365,5700
인천대입구,2024-03-26,19961,10064,9897
센트럴파크(재외동포청),2024-03-26,7900,3919,3981
국제업무지구,2024-03-26,3960,2019,1941
송도달빛축제공원,2024-03-26,10875,5402,5473
계양,2024-03-27,8680,4346,4334
귤현,2024-03-27,2623,1010,1613
박촌,2024-03-27,8567,4488,4079
임학,2024-03-27,17239,8729,8510
계산,2024-03-27,22582,11548,11034
경인교대입구,2024-03-27,12086,6024,6062
작전,2024-03-27,30810,15619,15191
갈산,2024-03-27,20675,10504,10171
부평구청,2024-03-27,14642,7153,7489
부평시장,2024-03-27,28476,14264,14212
부평,2024-03-27,13673,6813,6860
동수,2024-03-27,8703,4390,4313
부평삼거리,2024-03-27,5814,2945,2869
간석오거리,2024-03-27,23035,11972,11063
인천시청,2024-03-27,11964,6021,5943
예술회관,2024-03-27,25660,12642,13018
인천터미널,2024-03-27,27373,13406,13967
문학경기장,2024-03-27,11299,5513,5786
선학,2024-03-27,13090,6567,6523
신연수,2024-03-27,12667,6438,6229
원인재,2024-03-27,6074,3241,2833
동춘,2024-03-27,21367,10453,10914
동막,2024-03-27,11295,6006,5289
캠퍼스타운,2024-03-27,13340,6771,6569
테크노파크,2024-03-27,22653,11402,11251
지식정보단지,2024-03-27,11466,5515,5951
인천대입구,2024-03-27,20234,10112,10122
센트럴파크(재외동포청),2024-03-27,8456,4311,4145
국제업무지구,2024-03-27,4153,2099,2054
송도달빛축제공원,2024-03-27,11204,5549,5655
계양,2024-03-28,8250,4110,4140
귤현,2024-03-28,2541,982,1559
박촌,2024-03-28,8161,4254,3907
임학,2024-03-28,16820,8468,8352
계산,2024-03-28,21189,10732,10457
경인교대입구,2024-03-28,12029,6098,5931
작전,2024-03-28,29123,14761,14362
갈산,2024-03-28,19872,10059,9813
부평구청,2024-03-28,14056,6910,7146
부평시장,2024-03-28,26884,13464,13420
부평,2024-03-28,13315,6730,6585
동수,2024-03-28,8514,4320,4194
부평삼거리,2024-03-28,5190,2635,2555
간석오거리,2024-03-28,21878,11449,10429
인천시청,2024-03-28,11531,5834,5697
예술회관,2024-03-28,24518,12085,12433
인천터미널,2024-03-28,26541,13188,13353
문학경기장,2024-03-28,12022,5815,6207
선학,2024-03-28,12948,6471,6477
신연수,2024-03-28,12014,6106,5908
원인재,2024-03-28,5904,3176,2728
동춘,2024-03-28,20805,10127,10678
동막,2024-03-28,10867,5793,5074
캠퍼스타운,2024-03-28,13570,7153,6417
테크노파크,2024-03-28,21326,10609,10717
지식정보단지,2024-03-28,11177,5393,5784
인천대입구,2024-03-28,19443,9713,9730
센트럴파크(재외동포청),2024-03-28,7982,3996,3986
국제업무지구,2024-03-28,4155,2103,2052
송도달빛축제공원,2024-03-28,10746,5393,5353
계양,2024-03-29,8285,4085,4200
귤현,2024-03-29,2396,976,1420
박촌,2024-03-29,7942,4171,3771
임학,2024-03-29,16722,8414,8308
계산,2024-03-29,21051,10745,10306
경인교대입구,2024-03-29,11308,5607,5701
작전,2024-03-29,29558,14838,14720
갈산,2024-03-29,19610,10023,9587
부평구청,2024-03-29,13874,6742,7132
부평시장,2024-03-29,26894,13449,13445
부평,2024-03-29,14611,7165,7446
동수,2024-03-29,8161,4151,4010
부평삼거리,2024-03-29,5322,2724,2598
간석오거리,2024-03-29,22078,11489,10589
인천시청,2024-03-29,11670,5946,5724
예술회관,2024-03-29,24751,11905,12846
인천터미널,2024-03-29,30415,14903,15512
문학경기장,2024-03-29,3679,1866,1813
선학,2024-03-29,13321,6680,6641
신연수,2024-03-29,11515,5889,5626
원인재,2024-03-29,6037,3232,2805
동춘,2024-03-29,21124,10275,10849
동막,2024-03-29,10839,5774,5065
캠퍼스타운,2024-03-29,13037,6858,6179
테크노파크,2024-03-29,21942,10966,10976
지식정보단지,2024-03-29,10737,5264,5473
인천대입구,2024-03-29,17872,9170,8702
센트럴파크(재외동포청),2024-03-29,8493,4200,4293
국제업무지구,2024-03-29,4135,2123,2012
송도달빛축제공원,2024-03-29,10922,5451,5471
계양,2024-03-30,6740,3223,3517
귤현,2024-03-30,1657,767,890
박촌,2024-03-30,5963,3141,2822
임학,2024-03-30,13168,6680,6488
계산,2024-03-30,19516,9850,9666
경인교대입구,2024-03-30,10319,5274,5045
작전,2024-03-30,22839,11760,11079
갈산,2024-03-30,10260,5305,4955
부평구청,2024-03-30,10081,4978,5103
부평시장,2024-03-30,20101,9970,10131
부평,2024-03-30,14262,7181,7081
동수,2024-03-30,5462,2815,2647
부평삼거리,2024-03-30,4363,2143,2220
간석오거리,2024-03-30,17028,8878,8150
인천시청,2024-03-30,8236,4185,4051
예술회관,2024-03-30,17975,8497,9478
인천터미널,2024-03-30,29411,14381,15030
문학경기장,2024-03-30,2967,1440,1527
선학,2024-03-30,11219,5696,5523
신연수,2024-03-30,6388,3334,3054
원인재,2024-03-30,3932,1990,1942
동춘,2024-03-30,16007,7957,8050
동막,2024-03-30,6960,3685,3275
캠퍼스타운,2024-03-30,9221,4854,4367
테크노파크,2024-03-30,19912,9920,9992
지식정보단지,2024-03-30,4470,2301,2169
인천대입구,2024-03-30,13051,6544,6507
센트럴파크(재외동포청),2024-03-30,9889,4850,5039
국제업무지구,2024-03-30,2194,1152,1042
송도달빛축제공원,2024-03-30,9022,4628,4394
계양,2024-03-31,5154,2397,2757
귤현,2024-03-31,1165,553,612
박촌,2024-03-31,4514,2371,2143
임학,2024-03-31,9623,4899,4724
계산,2024-03-31,15268,7574,7694
경인교대입구,2024-03-31,7875,3912,3963
작전,2024-03-31,16219,8297,7922
갈산,2024-03-31,7094,3629,3465
부평구청,2024-03-31,7567,3674,3893
부평시장,2024-03-31,15998,7945,8053
부평,2024-03-31,10092,5292,4800
동수,2024-03-31,4328,2181,2147
부평삼거리,2024-03-31,3631,1831,1800
간석오거리,2024-03-31,12966,6779,6187
인천시청,2024-03-31,5908,2978,2930
예술회관,2024-03-31,12890,6258,6632
인천터미널,2024-03-31,24349,12444,11905
문학경기장,2024-03-31,1609,851,758
선학,2024-03-31,8679,4268,4411
신연수,2024-03-31,5057,2597,2460
원인재,2024-03-31,3615,1867,1748
동춘,2024-03-31,11429,5647,5782
동막,2024-03-31,4747,2503,2244
캠퍼스타운,2024-03-31,7110,3339,3771
테크노파크,2024-03-31,15725,7796,7929
지식정보단지,2024-03-31,3029,1482,1547
인천대입구,2024-03-31,9013,4298,4715
센트럴파크(재외동포청),2024-03-31,6839,3336,3503
국제업무지구,2024-03-31,862,451,411
송도달빛축제공원,2024-03-31,7009,3410,3599
계양,2024-04-01,8269,4173,4096
귤현,2024-04-01,2597,1014,1583
박촌,2024-04-01,8181,4291,3890
임학,2024-04-01,16942,8540,8402
계산,2024-04-01,22030,11174,10856
경인교대입구,2024-04-01,12097,6052,6045
작전,2024-04-01,29980,15290,14690
갈산,2024-04-01,19474,9930,9544
부평구청,2024-04-01,13796,6767,7029
부평시장,2024-04-01,27242,13711,13531
부평,2024-04-01,13213,6653,6560
동수,2024-04-01,8255,4215,4040
부평삼거리,2024-04-01,5455,2756,2699
간석오거리,2024-04-01,21833,11482,10351
인천시청,2024-04-01,11182,5688,5494
예술회관,2024-04-01,23846,11888,11958
인천터미널,2024-04-01,26624,12896,13728
문학경기장,2024-04-01,3750,1846,1904
선학,2024-04-01,12543,6298,6245
신연수,2024-04-01,12070,6139,5931
원인재,2024-04-01,5994,3166,2828
동춘,2024-04-01,20421,9955,10466
동막,2024-04-01,10790,5697,5093
캠퍼스타운,2024-04-01,12889,6387,6502
테크노파크,2024-04-01,22072,11020,11052
지식정보단지,2024-04-01,11190,5410,5780
인천대입구,2024-04-01,18875,9392,9483
센트럴파크(재외동포청),2024-04-01,7583,3865,3718
국제업무지구,2024-04-01,4161,2109,2052
송도달빛축제공원,2024-04-01,10891,5448,5443
계양,2024-04-02,8521,4230,4291
귤현,2024-04-02,2757,1111,1646
박촌,2024-04-02,8568,4450,4118
임학,2024-04-02,17418,8797,8621
계산,2024-04-02,21924,11158,10766
경인교대입구,2024-04-02,11954,6010,5944
작전,2024-04-02,30042,15179,14863
갈산,2024-04-02,20067,10213,9854
부평구청,2024-04-02,14280,6983,7297
부평시장,2024-04-02,28186,14100,14086
부평,2024-04-02,13032,6487,6545
동수,2024-04-02,8705,4392,4313
부평삼거리,2024-04-02,5618,2818,2800
간석오거리,2024-04-02,22895,11906,10989
인천시청,2024-04-02,12382,6257,6125
예술회관,2024-04-02,24676,12189,12487
인천터미널,2024-04-02,26551,12976,13575
문학경기장,2024-04-02,11658,5761,5897
선학,2024-04-02,13810,6850,6960
신연수,2024-04-02,12295,6204,6091
원인재,2024-04-02,6246,3313,2933
동춘,2024-04-02,21003,10329,10674
동막,2024-04-02,10933,5799,5134
캠퍼스타운,2024-04-02,13071,6619,6452
테크노파크,2024-04-02,22431,11255,11176
지식정보단지,2024-04-02,11659,5724,5935
인천대입구,2024-04-02,20116,10096,10020
센트럴파크(재외동포청),2024-04-02,8244,4105,4139
국제업무지구,2024-04-02,4200,2134,2066
송도달빛축제공원,2024-04-02,11435,5710,5725
계양,2024-04-03,8433,4255,4178
귤현,2024-04-03,2598,1001,1597
박촌,2024-04-03,8446,4353,4093
임학,2024-04-03,17147,8573,8574
계산,2024-04-03,21626,11019,10607
경인교대입구,2024-04-03,11827,5967,5860
작전,2024-04-03,30666,15480,15186
갈산,2024-04-03,20028,10178,9850
부평구청,2024-04-03,13987,6883,7104
부평시장,2024-04-03,27467,13830,13637
부평,2024-04-03,13223,6503,6720
동수,2024-04-03,8453,4230,4223
부평삼거리,2024-04-03,5456,2740,2716
간석오거리,2024-04-03,22378,11711,10667
인천시청,2024-04-03,11558,5837,5721
예술회관,2024-04-03,24701,12089,12612
인천터미널,2024-04-03,25863,12689,13174
문학경기장,2024-04-03,11494,5631,5863
선학,2024-04-03,13227,6622,6605
신연수,2024-04-03,12083,6116,5967
원인재,2024-04-03,6088,3254,2834
동춘,2024-04-03,20773,10223,10550
동막,2024-04-03,10878,5736,5142
캠퍼스타운,2024-04-03,13410,6769,6641
테크노파크,2024-04-03,22860,11454,11406
지식정보단지,2024-04-03,11432,5479,5953
인천대입구,2024-04-03,19512,9806,9706
센트럴파크(재외동포청),2024-04-03,8092,4030,4062
국제업무지구,2024-04-03,4296,2198,2098
송도달빛축제공원,2024-04-03,11081,5509,5572
계양,2024-04-04,8719,4353,4366
귤현,2024-04-04,2635,1005,1630
박촌,2024-04-04,8404,4373,4031
임학,2024-04-04,17515,8819,8696
계산,2024-04-04,22617,11471,11146
경인교대입구,2024-04-04,12281,6196,6085
작전,2024-04-04,30528,15406,15122
갈산,2024-04-04,20035,10218,9817
부평구청,2024-04-04,14512,7136,7376
부평시장,2024-04-04,27771,13923,13848
부평,2024-04-04,13493,6767,6726
동수,2024-04-04,8499,4298,4201
부평삼거리,2024-04-04,5835,2951,2884
간석오거리,2024-04-04,22769,11861,10908
인천시청,2024-04-04,12002,6055,5947
예술회관,2024-04-04,24671,12140,12531
인천터미널,2024-04-04,27616,13668,13948
문학경기장,2024-04-04,13023,6344,6679
선학,2024-04-04,13780,6932,6848
신연수,2024-04-04,12234,6241,5993
원인재,2024-04-04,6456,3399,3057
동춘,2024-04-04,21397,10446,10951
동막,2024-04-04,10746,5723,5023
캠퍼스타운,2024-04-04,14113,7404,6709
테크노파크,2024-04-04,22611,11326,11285
지식정보단지,2024-04-04,11371,5499,5872
인천대입구,2024-04-04,18991,9558,9433
센트럴파크(재외동포청),2024-04-04,8566,4246,4320
국제업무지구,2024-04-04,4222,2128,2094
송도달빛축제공원,2024-04-04,11322,5700,5622
계양,2024-04-05,8693,4319,4374
귤현,2024-04-05,2665,1046,1619
박촌,2024-04-05,8562,4493,4069
임학,2024-04-05,17811,8954,8857
계산,2024-04-05,22500,11472,11028
경인교대입구,2024-04-05,11863,6026,5837
작전,2024-04-05,30815,15620,15195
갈산,2024-04-05,19887,10148,9739
부평구청,2024-04-05,14614,7071,7543
부평시장,2024-04-05,28210,13979,14231
부평,2024-04-05,14637,7205,7432
동수,2024-04-05,8422,4302,4120
부평삼거리,2024-04-05,6193,3104,3089
간석오거리,2024-04-05,22566,11764,10802
인천시청,2024-04-05,11515,5907,5608
예술회관,2024-04-05,25369,12191,13178
인천터미널,2024-04-05,31899,15569,16330
문학경기장,2024-04-05,3914,1989,1925
선학,2024-04-05,14026,7033,6993
신연수,2024-04-05,12177,6240,5937
원인재,2024-04-05,6094,3191,2903
동춘,2024-04-05,22462,10929,11533
동막,2024-04-05,11255,6058,5197
캠퍼스타운,2024-04-05,14188,7506,6682
테크노파크,2024-04-05,23771,11996,11775
지식정보단지,2024-04-05,11000,5423,5577
인천대입구,2024-04-05,18275,9374,8901
센트럴파크(재외동포청),2024-04-05,9005,4431,4574
국제업무지구,2024-04-05,4211,2167,2044
송도달빛축제공원,2024-04-05,11628,5860,5768
계양,2024-04-06,6873,3279,3594
귤현,2024-04-06,1577,708,869
박촌,2024-04-06,5981,3217,2764
임학,2024-04-06,13469,6893,6576
계산,2024-04-06,19433,9725,9708
경인교대입구,2024-04-06,9545,4798,4747
작전,2024-04-06,23711,12201,11510
갈산,2024-04-06,10969,5657,5312
부평구청,2024-04-06,11065,5431,5634
부평시장,2024-04-06,20226,10208,10018
부평,2024-04-06,13492,6780,6712
동수,2024-04-06,5610,2828,2782
부평삼거리,2024-04-06,5024,2478,2546
간석오거리,2024-04-06,17302,9075,8227
인천시청,2024-04-06,8551,4434,4117
예술회관,2024-04-06,18008,8531,9477
인천터미널,2024-04-06,29739,14396,15343
문학경기장,2024-04-06,3259,1601,1658
선학,2024-04-06,11673,5927,5746
신연수,2024-04-06,6896,3581,3315
원인재,2024-04-06,4303,2181,2122
동춘,2024-04-06,16658,8265,8393
동막,2024-04-06,6903,3693,3210
캠퍼스타운,2024-04-06,9612,5054,4558
테크노파크,2024-04-06,19282,9618,9664
지식정보단지,2024-04-06,4533,2371,2162
인천대입구,2024-04-06,11823,6124,5699
센트럴파크(재외동포청),2024-04-06,9663,4612,5051
국제업무지구,2024-04-06,2039,1068,971
송도달빛축제공원,2024-04-06,9207,4667,4540
계양,2024-04-07,5349,2525,2824
귤현,2024-04-07,1197,582,615
박촌,2024-04-07,4423,2318,2105
임학,2024-04-07,10040,5119,4921
계산,2024-04-07,14562,7174,7388
경인교대입구,2024-04-07,7660,3829,3831
작전,2024-04-07,16934,8627,8307
갈산,2024-04-07,7327,3779,3548
부평구청,2024-04-07,8316,3994,4322
부평시장,2024-04-07,15650,7830,7820
부평,2024-04-07,9662,4995,4667
동수,2024-04-07,4459,2257,2202
부평삼거리,2024-04-07,3901,1952,1949
간석오거리,2024-04-07,13161,6937,6224
인천시청,2024-04-07,6324,3257,3067
예술회관,2024-04-07,12745,6242,6503
인천터미널,2024-04-07,24593,12656,11937
문학경기장,2024-04-07,1803,892,911
선학,2024-04-07,8941,4407,4534
신연수,2024-04-07,5145,2650,2495
원인재,2024-04-07,3193,1626,1567
동춘,2024-04-07,12760,6388,6372
동막,2024-04-07,4967,2559,2408
캠퍼스타운,2024-04-07,7774,3769,4005
테크노파크,2024-04-07,15496,7658,7838
지식정보단지,2024-04-07,3247,1605,1642
인천대입구,2024-04-07,8796,4244,4552
센트럴파크(재외동포청),2024-04-07,7167,3340,3827
국제업무지구,2024-04-07,875,475,400
송도달빛축제공원,2024-04-07,7358,3620,3738
계양,2024-04-08,8229,4050,4179
귤현,2024-04-08,2589,1006,1583
박촌,2024-04-08,8239,4328,3911
임학,2024-04-08,17125,8633,8492
계산,2024-04-08,22161,11353,10808
경인교대입구,2024-04-08,11954,6008,5946
작전,2024-04-08,29900,15184,14716
갈산,2024-04-08,19413,9898,9515
부평구청,2024-04-08,13861,6733,7128
부평시장,2024-04-08,27198,13607,13591
부평,2024-04-08,12904,6550,6354
동수,2024-04-08,8311,4204,4107
부평삼거리,2024-04-08,5672,2881,2791
간석오거리,2024-04-08,21988,11480,10508
인천시청,2024-04-08,11424,5746,5678
예술회관,2024-04-08,23744,11705,12039
인천터미널,2024-04-08,26594,12962,13632
문학경기장,2024-04-08,3697,1880,1817
선학,2024-04-08,12584,6326,6258
신연수,2024-04-08,11970,6039,5931
원인재,2024-04-08,5936,3111,2825
동춘,2024-04-08,20183,9835,10348
동막,2024-04-08,10609,5639,4970
캠퍼스타운,2024-04-08,13099,6519,6580
테크노파크,2024-04-08,21769,10921,10848
지식정보단지,2024-04-08,11424,5558,5866
인천대입구,2024-04-08,19342,9663,9679
센트럴파크(재외동포청),2024-04-08,8417,4207,4210
국제업무지구,2024-04-08,4301,2196,2105
송도달빛축제공원,2024-04-08,10809,5410,5399
계양,2024-04-09,8953,4352,4601
귤현,2024-04-09,2768,1122,1646
박촌,2024-04-09,8662,4567,4095
임학,2024-04-09,18000,9065,8935
계산,2024-04-09,22534,11406,11128
경인교대입구,2024-04-09,12109,6027,6082
작전,2024-04-09,31357,16052,15305
갈산,2024-04-09,19788,10066,9722
부평구청,2024-04-09,14651,7198,7453
부평시장,2024-04-09,28966,14560,14406
부평,2024-04-09,14151,7045,7106
동수,2024-04-09,8788,4461,4327
부평삼거리,2024-04-09,5733,2908,2825
간석오거리,2024-04-09,23215,12199,11016
인천시청,2024-04-09,12267,6157,6110
예술회관,2024-04-09,26370,12671,13699
인천터미널,2024-04-09,28892,14170,14722
문학경기장,2024-04-09,10398,4955,5443
선학,2024-04-09,14226,7158,7068
신연수,2024-04-09,12616,6424,6192
원인재,2024-04-09,6351,3372,2979
동춘,2024-04-09,21577,10565,11012
동막,2024-04-09,11157,5913,5244
캠퍼스타운,2024-04-09,13798,7209,6589
테크노파크,2024-04-09,22995,11489,11506
지식정보단지,2024-04-09,11758,5724,6034
인천대입구,2024-04-09,20865,10548,10317
센트럴파크(재외동포청),2024-04-09,8811,4375,4436
국제업무지구,2024-04-09,4372,2186,2186
송도달빛축제공원,2024-04-09,11675,5847,5828
계양,2024-04-10,5727,2695,3032
귤현,2024-04-10,1374,655,719
박촌,2024-04-10,5111,2654,2457
임학,2024-04-10,10976,5583,5393
계산,2024-04-10,15597,7781,7816
경인교대입구,2024-04-10,8422,4214,4208
작전,2024-04-10,18320,9386,8934
갈산,2024-04-10,8459,4332,4127
부평구청,2024-04-10,8849,4229,4620
부평시장,2024-04-10,17064,8552,8512
부평,2024-04-10,11125,5782,5343
동수,2024-04-10,4967,2542,2425
부평삼거리,2024-04-10,4473,2269,2204
간석오거리,2024-04-10,15019,7854,7165
인천시청,2024-04-10,6450,3325,3125
예술회관,2024-04-10,16070,7861,8209
인천터미널,2024-04-10,24443,12250,12193
문학경기장,2024-04-10,15231,7375,7856
선학,2024-04-10,9901,4932,4969
신연수,2024-04-10,5958,3015,2943
원인재,2024-04-10,3399,1753,1646
동춘,2024-04-10,13686,6787,6899
동막,2024-04-10,5473,2825,2648
캠퍼스타운,2024-04-10,8243,4255,3988
테크노파크,2024-04-10,17346,8626,8720
지식정보단지,2024-04-10,3974,2065,1909
인천대입구,2024-04-10,10410,5332,5078
센트럴파크(재외동포청),2024-04-10,7700,3688,4012
국제업무지구,2024-04-10,1774,922,852
송도달빛축제공원,2024-04-10,7861,3940,3921
계양,2024-04-11,8365,4186,4179
귤현,2024-04-11,2583,1010,1573
박촌,2024-04-11,8373,4356,4017
임학,2024-04-11,16979,8579,8400
계산,2024-04-11,21630,10956,10674
경인교대입구,2024-04-11,11928,6063,5865
작전,2024-04-11,29838,15159,14679
갈산,2024-04-11,19399,9852,9547
부평구청,2024-04-11,14063,6838,7225
부평시장,2024-04-11,27195,13619,13576
부평,2024-04-11,13215,6662,6553
동수,2024-04-11,8358,4233,4125
부평삼거리,2024-04-11,5359,2703,2656
간석오거리,2024-04-11,22401,11717,10684
인천시청,2024-04-11,11402,5760,5642
예술회관,2024-04-11,24760,12184,12576
인천터미널,2024-04-11,26976,13359,13617
문학경기장,2024-04-11,8676,4160,4516
선학,2024-04-11,13327,6698,6629
신연수,2024-04-11,12277,6207,6070
원인재,2024-04-11,5916,3162,2754
동춘,2024-04-11,20638,10051,10587
동막,2024-04-11,10756,5705,5051
캠퍼스타운,2024-04-11,13593,7055,6538
테크노파크,2024-04-11,22001,10990,11011
지식정보단지,2024-04-11,11232,5409,5823
인천대입구,2024-04-11,19458,9772,9686
센트럴파크(재외동포청),2024-04-11,8276,4143,4133
국제업무지구,2024-04-11,4345,2216,2129
송도달빛축제공원,2024-04-11,10809,5369,5440
계양,2024-04-12,8796,4418,4378
귤현,2024-04-12,2552,1005,1547
박촌,2024-04-12,8369,4363,4006
임학,2024-04-12,17434,8774,8660
계산,2024-04-12,22600,11494,11106
경인교대입구,2024-04-12,12040,6098,5942
작전,2024-04-12,30888,15686,15202
갈산,2024-04-12,19712,10085,9627
부평구청,2024-04-12,14575,7172,7403
부평시장,2024-04-12,28246,14177,14069
부평,2024-04-12,14877,7246,7631
동수,2024-04-12,8544,4313,4231
부평삼거리,2024-04-12,5636,2897,2739
간석오거리,2024-04-12,22490,11872,10618
인천시청,2024-04-12,12100,6161,5939
예술회관,2024-04-12,26093,12585,13508
인천터미널,2024-04-12,31249,15164,16085
문학경기장,2024-04-12,3999,2002,1997
선학,2024-04-12,13814,6905,6909
신연수,2024-04-12,11954,6161,5793
원인재,2024-04-12,6080,3252,2828
동춘,2024-04-12,22137,10833,11304
동막,2024-04-12,11342,5993,5349
캠퍼스타운,2024-04-12,13988,7389,6599
테크노파크,2024-04-12,23781,12064,11717
지식정보단지,2024-04-12,11201,5481,5720
인천대입구,2024-04-12,19002,9673,9329
센트럴파크(재외동포청),2024-04-12,9593,4721,4872
국제업무지구,2024-04-12,4168,2107,2061
송도달빛축제공원,2024-04-12,11544,5747,5797
계양,2024-04-13,6869,3264,3605
귤현,2024-04-13,1681,746,935
박촌,2024-04-13,5884,3160,2724
임학,2024-04-13,12678,6484,6194
계산,2024-04-13,19582,9738,9844
경인교대입구,2024-04-13,9892,5051,4841
작전,2024-04-13,23113,11941,11172
갈산,2024-04-13,10845,5637,5208
부평구청,2024-04-13,10697,5236,5461
부평시장,2024-04-13,20196,10160,10036
부평,2024-04-13,13613,6722,6891
동수,2024-04-13,5565,2802,2763
부평삼거리,2024-04-13,4528,2275,2253
간석오거리,2024-04-13,16960,8871,8089
인천시청,2024-04-13,8143,4238,3905
예술회관,2024-04-13,17398,8253,9145
인천터미널,2024-04-13,29516,14303,15213
문학경기장,2024-04-13,3132,1550,1582
선학,2024-04-13,11399,5720,5679
신연수,2024-04-13,6537,3435,3102
원인재,2024-04-13,4463,2309,2154
동춘,2024-04-13,16121,8059,8062
동막,2024-04-13,7180,3793,3387
캠퍼스타운,2024-04-13,9155,4916,4239
테크노파크,2024-04-13,19705,9783,9922
지식정보단지,2024-04-13,4390,2265,2125
인천대입구,2024-04-13,12530,6230,6300
센트럴파크(재외동포청),2024-04-13,9344,4574,4770
국제업무지구,2024-04-13,2087,1088,999
송도달빛축제공원,2024-04-13,9062,4624,4438
계양,2024-04-14,5285,2434,2851
귤현,2024-04-14,1127,541,586
박촌,2024-04-14,4418,2293,2125
임학,2024-04-14,9337,4791,4546
계산,2024-04-14,14958,7340,7618
경인교대입구,2024-04-14,7815,3834,3981
작전,2024-04-14,15579,7904,7675
갈산,2024-04-14,6850,3559,3291
부평구청,2024-04-14,7540,3700,3840
부평시장,2024-04-14,15103,7531,7572
부평,2024-04-14,9680,5001,4679
동수,2024-04-14,4210,2105,2105
부평삼거리,2024-04-14,3848,1937,1911
간석오거리,2024-04-14,12218,6374,5844
인천시청,2024-04-14,5732,2904,2828
예술회관,2024-04-14,11489,5557,5932
인천터미널,2024-04-14,24233,12232,12001
문학경기장,2024-04-14,1827,935,892
선학,2024-04-14,8327,4111,4216
신연수,2024-04-14,5014,2589,2425
원인재,2024-04-14,2862,1498,1364
동춘,2024-04-14,9925,4964,4961
동막,2024-04-14,4697,2403,2294
캠퍼스타운,2024-04-14,6744,3218,3526
테크노파크,2024-04-14,15357,7510,7847
지식정보단지,2024-04-14,3070,1496,1574
인천대입구,2024-04-14,8975,4308,4667
센트럴파크(재외동포청),2024-04-14,5691,2775,2916
국제업무지구,2024-04-14,949,526,423
송도달빛축제공원,2024-04-14,6774,3331,3443
계양,2024-04-15,7690,3889,3801
귤현,2024-04-15,2430,958,1472
박촌,2024-04-15,7705,3987,3718
임학,2024-04-15,15708,7913,7795
계산,2024-04-15,20110,10266,9844
경인교대입구,2024-04-15,11076,5574,5502
작전,2024-04-15,27959,14168,13791
갈산,2024-04-15,18865,9565,9300
부평구청,2024-04-15,12911,6297,6614
부평시장,2024-04-15,25418,12815,12603
부평,2024-04-15,12346,6172,6174
동수,2024-04-15,7906,4011,3895
부평삼거리,2024-04-15,4946,2485,2461
간석오거리,2024-04-15,20641,10748,9893
인천시청,2024-04-15,10667,5387,5280
예술회관,2024-04-15,22982,11370,11612
인천터미널,2024-04-15,22288,10759,11529
문학경기장,2024-04-15,3416,1697,1719
선학,2024-04-15,11719,5831,5888
신연수,2024-04-15,11203,5655,5548
원인재,2024-04-15,5356,2855,2501
동춘,2024-04-15,19145,9297,9848
동막,2024-04-15,10347,5467,4880
캠퍼스타운,2024-04-15,11835,5875,5960
테크노파크,2024-04-15,20485,10245,10240
지식정보단지,2024-04-15,10695,5152,5543
인천대입구,2024-04-15,18328,9166,9162
센트럴파크(재외동포청),2024-04-15,7111,3566,3545
국제업무지구,2024-04-15,4131,2142,1989
송도달빛축제공원,2024-04-15,9719,4880,4839
계양,2024-04-16,8569,4356,4213
귤현,2024-04-16,2691,1083,1608
박촌,2024-04-16,8507,4468,4039
임학,2024-04-16,17070,8632,8438
계산,2024-04-16,21854,11099,10755
경인교대입구,2024-04-16,11738,5889,5849
작전,2024-04-16,30305,15442,14863
갈산,2024-04-16,20128,10231,9897
부평구청,2024-04-16,14276,6951,7325
부평시장,2024-04-16,28492,14164,14328
부평,2024-04-16,13013,6550,6463
동수,2024-04-16,8610,4389,4221
부평삼거리,2024-04-16,5666,2829,2837
간석오거리,2024-04-16,22622,11827,10795
인천시청,2024-04-16,11837,5996,5841
예술회관,2024-04-16,24610,12173,12437
인천터미널,2024-04-16,26218,12758,13460
문학경기장,2024-04-16,12464,5970,6494
선학,2024-04-16,12957,6514,6443
신연수,2024-04-16,12337,6225,6112
원인재,2024-04-16,6111,3240,2871
동춘,2024-04-16,21073,10285,10788
동막,2024-04-16,11013,5867,5146
캠퍼스타운,2024-04-16,12786,6476,6310
테크노파크,2024-04-16,21992,11010,10982
지식정보단지,2024-04-16,11286,5410,5876
인천대입구,2024-04-16,19956,10114,9842
센트럴파크(재외동포청),2024-04-16,7903,3877,4026
국제업무지구,2024-04-16,4278,2206,2072
송도달빛축제공원,2024-04-16,10934,5428,5506
계양,2024-04-17,8750,4430,4320
귤현,2024-04-17,2747,1073,1674
박촌,2024-04-17,8734,4550,4184
임학,2024-04-17,17346,8785,8561
계산,2024-04-17,22844,11573,11271
경인교대입구,2024-04-17,12031,6006,6025
작전,2024-04-17,30980,15789,15191
갈산,2024-04-17,20116,10162,9954
부평구청,2024-04-17,14896,7243,7653
부평시장,2024-04-17,28388,14259,14129
부평,2024-04-17,13433,6769,6664
동수,2024-04-17,8740,4393,4347
부평삼거리,2024-04-17,5594,2785,2809
간석오거리,2024-04-17,23340,12202,11138
인천시청,2024-04-17,12567,6325,6242
예술회관,2024-04-17,24616,12163,12453
인천터미널,2024-04-17,27877,13700,14177
문학경기장,2024-04-17,15003,7072,7931
선학,2024-04-17,13470,6768,6702
신연수,2024-04-17,12485,6341,6144
원인재,2024-04-17,6183,3304,2879
동춘,2024-04-17,21044,10341,10703
동막,2024-04-17,11281,6036,5245
캠퍼스타운,2024-04-17,13099,6632,6467
테크노파크,2024-04-17,22572,11212,11360
지식정보단지,2024-04-17,11377,5553,5824
인천대입구,2024-04-17,19911,9952,9959
센트럴파크(재외동포청),2024-04-17,8757,4411,4346
국제업무지구,2024-04-17,4234,2165,2069
송도달빛축제공원,2024-04-17,11157,5555,5602
계양,2024-04-18,8798,4352,4446
귤현,2024-04-18,2766,1095,1671
박촌,2024-04-18,8544,4454,4090
임학,2024-04-18,17250,8695,8555
계산,2024-04-18,22837,11590,11247
경인교대입구,2024-04-18,12234,6181,6053
작전,2024-04-18,31059,15654,15405
갈산,2024-04-18,20054,10198,9856
부평구청,2024-04-18,14833,7212,7621
부평시장,2024-04-18,28663,14341,14322
부평,2024-04-18,13484,6743,6741
동수,2024-04-18,8512,4297,4215
부평삼거리,2024-04-18,5694,2869,2825
간석오거리,2024-04-18,22907,11905,11002
인천시청,2024-04-18,12246,6155,6091
예술회관,2024-04-18,24823,12198,12625
인천터미널,2024-04-18,27551,13710,13841
문학경기장,2024-04-18,13600,6601,6999
선학,2024-04-18,13587,6836,6751
신연수,2024-04-18,12711,6455,6256
원인재,2024-04-18,6243,3295,2948
동춘,2024-04-18,21663,10640,11023
동막,2024-04-18,11474,6037,5437
캠퍼스타운,2024-04-18,13389,6912,6477
테크노파크,2024-04-18,24786,12340,12446
지식정보단지,2024-04-18,11633,5657,5976
인천대입구,2024-04-18,19215,9721,9494
센트럴파크(재외동포청),2024-04-18,8481,4229,4252
국제업무지구,2024-04-18,4459,2261,2198
송도달빛축제공원,2024-04-18,11484,5759,5725
계양,2024-04-19,8784,4373,4411
귤현,2024-04-19,2701,1091,1610
박촌,2024-04-19,8618,4506,4112
임학,2024-04-19,17691,8973,8718
계산,2024-04-19,22707,11570,11137
경인교대입구,2024-04-19,12230,6150,6080
작전,2024-04-19,31133,15923,15210
갈산,2024-04-19,20206,10337,9869
부평구청,2024-04-19,14946,7241,7705
부평시장,2024-04-19,29113,14618,14495
부평,2024-04-19,14851,7311,7540
동수,2024-04-19,8512,4328,4184
부평삼거리,2024-04-19,5654,2900,2754
간석오거리,2024-04-19,22955,12046,10909
인천시청,2024-04-19,12380,6342,6038
예술회관,2024-04-19,25827,12378,13449
인천터미널,2024-04-19,31672,15306,16366
문학경기장,2024-04-19,12673,6085,6588
선학,2024-04-19,14208,7089,7119
신연수,2024-04-19,12462,6403,6059
원인재,2024-04-19,6361,3365,2996
동춘,2024-04-19,21963,10735,11228
동막,2024-04-19,11631,6175,5456
캠퍼스타운,2024-04-19,13493,6901,6592
테크노파크,2024-04-19,25811,13107,12704
지식정보단지,2024-04-19,11167,5484,5683
인천대입구,2024-04-19,18279,9226,9053
센트럴파크(재외동포청),2024-04-19,9000,4463,4537
국제업무지구,2024-04-19,4432,2267,2165
송도달빛축제공원,2024-04-19,11774,5890,5884
계양,2024-04-20,6029,2905,3124
귤현,2024-04-20,1560,697,863
박촌,2024-04-20,5712,3044,2668
임학,2024-04-20,11763,5949,5814
계산,2024-04-20,16959,8527,8432
경인교대입구,2024-04-20,8866,4420,4446
작전,2024-04-20,21914,11245,10669
갈산,2024-04-20,10310,5358,4952
부평구청,2024-04-20,9946,4902,5044
부평시장,2024-04-20,18026,9031,8995
부평,2024-04-20,12526,6283,6243
동수,2024-04-20,5219,2623,2596
부평삼거리,2024-04-20,3664,1797,1867
간석오거리,2024-04-20,15793,8234,7559
인천시청,2024-04-20,7684,3876,3808
예술회관,2024-04-20,16716,7910,8806
인천터미널,2024-04-20,27722,13346,14376
문학경기장,2024-04-20,5298,2560,2738
선학,2024-04-20,10241,5163,5078
신연수,2024-04-20,6093,3176,2917
원인재,2024-04-20,3525,1848,1677
동춘,2024-04-20,14244,7101,7143
동막,2024-04-20,6687,3521,3166
캠퍼스타운,2024-04-20,7926,4188,3738
테크노파크,2024-04-20,17010,8445,8565
지식정보단지,2024-04-20,4195,2163,2032
인천대입구,2024-04-20,10368,5161,5207
센트럴파크(재외동포청),2024-04-20,6782,3315,3467
국제업무지구,2024-04-20,2117,1076,1041
송도달빛축제공원,2024-04-20,7839,4015,3824
계양,2024-04-21,5234,2466,2768
귤현,2024-04-21,1196,575,621
박촌,2024-04-21,4517,2325,2192
임학,2024-04-21,9046,4601,4445
계산,2024-04-21,13716,6790,6926
경인교대입구,2024-04-21,7414,3767,3647
작전,2024-04-21,15477,7842,7635
갈산,2024-04-21,6885,3527,3358
부평구청,2024-04-21,7864,3866,3998
부평시장,2024-04-21,15777,7834,7943
부평,2024-04-21,9236,4831,4405
동수,2024-04-21,4231,2142,2089
부평삼거리,2024-04-21,3474,1738,1736
간석오거리,2024-04-21,12495,6566,5929
인천시청,2024-04-21,5906,3017,2889
예술회관,2024-04-21,11870,5764,6106
인천터미널,2024-04-21,23043,11824,11219
문학경기장,2024-04-21,14828,7253,7575
선학,2024-04-21,7931,3922,4009
신연수,2024-04-21,4825,2462,2363
원인재,2024-04-21,3004,1511,1493
동춘,2024-04-21,11424,5724,5700
동막,2024-04-21,4525,2340,2185
캠퍼스타운,2024-04-21,7844,3717,4127
테크노파크,2024-04-21,14945,7423,7522
지식정보단지,2024-04-21,3077,1513,1564
인천대입구,2024-04-21,7868,3788,4080
센트럴파크(재외동포청),2024-04-21,5610,2797,2813
국제업무지구,2024-04-21,1178,599,579
송도달빛축제공원,2024-04-21,6852,3320,3532
계양,2024-04-22,8382,4230,4152
귤현,2024-04-22,2650,1077,1573
박촌,2024-04-22,8246,4307,3939
임학,2024-04-22,17003,8653,8350
계산,2024-04-22,22194,11311,10883
경인교대입구,2024-04-22,11139,5588,5551
작전,2024-04-22,30191,15267,14924
갈산,2024-04-22,19554,9886,9668
부평구청,2024-04-22,13835,6801,7034
부평시장,2024-04-22,27454,13727,13727
부평,2024-04-22,12656,6300,6356
동수,2024-04-22,8329,4219,4110
부평삼거리,2024-04-22,5422,2730,2692
간석오거리,2024-04-22,21920,11374,10546
인천시청,2024-04-22,11611,5861,5750
예술회관,2024-04-22,24184,11917,12267
인천터미널,2024-04-22,25999,12730,13269
문학경기장,2024-04-22,4397,2119,2278
선학,2024-04-22,12401,6195,6206
신연수,2024-04-22,12129,6130,5999
원인재,2024-04-22,5879,3112,2767
동춘,2024-04-22,20393,9952,10441
동막,2024-04-22,10850,5769,5081
캠퍼스타운,2024-04-22,12584,6317,6267
테크노파크,2024-04-22,21649,10864,10785
지식정보단지,2024-04-22,11094,5377,5717
인천대입구,2024-04-22,18316,9156,9160
센트럴파크(재외동포청),2024-04-22,7889,3917,3972
국제업무지구,2024-04-22,4082,2067,2015
송도달빛축제공원,2024-04-22,10886,5401,5485
계양,2024-04-23,8525,4279,4246
귤현,2024-04-23,2572,973,1599
박촌,2024-04-23,8446,4377,4069
임학,2024-04-23,16906,8522,8384
계산,2024-04-23,21569,11028,10541
경인교대입구,2024-04-23,10993,5590,5403
작전,2024-04-23,30286,15304,14982
갈산,2024-04-23,19816,10109,9707
부평구청,2024-04-23,14327,7007,7320
부평시장,2024-04-23,28109,14079,14030
부평,2024-04-23,12496,6258,6238
동수,2024-04-23,8471,4228,4243
부평삼거리,2024-04-23,5523,2729,2794
간석오거리,2024-04-23,22542,11698,10844
인천시청,2024-04-23,11757,5975,5782
예술회관,2024-04-23,24518,12092,12426
인천터미널,2024-04-23,25762,12666,13096
문학경기장,2024-04-23,3979,1986,1993
선학,2024-04-23,12720,6373,6347
신연수,2024-04-23,12346,6217,6129
원인재,2024-04-23,6049,3246,2803
동춘,2024-04-23,20718,10105,10613
동막,2024-04-23,11425,5949,5476
캠퍼스타운,2024-04-23,12385,6239,6146
테크노파크,2024-04-23,21924,10946,10978
지식정보단지,2024-04-23,11298,5487,5811
인천대입구,2024-04-23,18845,9494,9351
센트럴파크(재외동포청),2024-04-23,8424,4234,4190
국제업무지구,2024-04-23,4162,2093,2069
송도달빛축제공원,2024-04-23,11305,5624,5681
계양,2024-04-24,8143,4151,3992
귤현,2024-04-24,2533,1003,1530
박촌,2024-04-24,8260,4333,3927
임학,2024-04-24,16738,8360,8378
계산,2024-04-24,21180,10771,10409
경인교대입구,2024-04-24,11090,5517,5573
작전,2024-04-24,30110,15235,14875
갈산,2024-04-24,19721,9981,9740
부평구청,2024-04-24,14043,6874,7169
부평시장,2024-04-24,27508,13763,13745
부평,2024-04-24,12760,6402,6358
동수,2024-04-24,8502,4349,4153
부평삼거리,2024-04-24,5277,2659,2618
간석오거리,2024-04-24,22283,11619,10664
인천시청,2024-04-24,11797,5913,5884
예술회관,2024-04-24,24951,12202,12749
인천터미널,2024-04-24,25293,12431,12862
문학경기장,2024-04-24,3692,1875,1817
선학,2024-04-24,12878,6499,6379
신연수,2024-04-24,12057,6130,5927
원인재,2024-04-24,6010,3269,2741
동춘,2024-04-24,20751,10107,10644
동막,2024-04-24,11112,5914,5198
캠퍼스타운,2024-04-24,12546,6396,6150
테크노파크,2024-04-24,22156,11080,11076
지식정보단지,2024-04-24,10978,5313,5665
인천대입구,2024-04-24,18551,9349,9202
센트럴파크(재외동포청),2024-04-24,8011,4019,3992
국제업무지구,2024-04-24,4166,2132,2034
송도달빛축제공원,2024-04-24,11060,5470,5590
계양,2024-04-25,8579,4268,4311
귤현,2024-04-25,2879,1166,1713
박촌,2024-04-25,8442,4397,4045
임학,2024-04-25,17235,8645,8590
계산,2024-04-25,22636,11490,11146
경인교대입구,2024-04-25,11459,5683,5776
작전,2024-04-25,30756,15623,15133
갈산,2024-04-25,19680,9973,9707
부평구청,2024-04-25,14541,7118,7423
부평시장,2024-04-25,28445,14199,14246
부평,2024-04-25,13506,6711,6795
동수,2024-04-25,8169,4099,4070
부평삼거리,2024-04-25,5502,2792,2710
간석오거리,2024-04-25,22505,11796,10709
인천시청,2024-04-25,11756,5889,5867
예술회관,2024-04-25,25061,12217,12844
인천터미널,2024-04-25,27622,13776,13846
문학경기장,2024-04-25,4025,2033,1992
선학,2024-04-25,13078,6574,6504
신연수,2024-04-25,12486,6342,6144
원인재,2024-04-25,6204,3307,2897
동춘,2024-04-25,21516,10428,11088
동막,2024-04-25,10889,5723,5166
캠퍼스타운,2024-04-25,13098,6766,6332
테크노파크,2024-04-25,22825,11454,11371
지식정보단지,2024-04-25,11359,5423,5936
인천대입구,2024-04-25,19264,9886,9378
센트럴파크(재외동포청),2024-04-25,8834,4426,4408
국제업무지구,2024-04-25,4169,2075,2094
송도달빛축제공원,2024-04-25,11458,5707,5751
계양,2024-04-26,8871,4378,4493
귤현,2024-04-26,2744,1106,1638
박촌,2024-04-26,8959,4745,4214
임학,2024-04-26,17657,8874,8783
계산,2024-04-26,23981,12295,11686
경인교대입구,2024-04-26,11965,5916,6049
작전,2024-04-26,32086,16210,15876
갈산,2024-04-26,19875,10116,9759
부평구청,2024-04-26,14724,7240,7484
부평시장,2024-04-26,29346,14635,14711
부평,2024-04-26,15197,7418,7779
동수,2024-04-26,8394,4313,4081
부평삼거리,2024-04-26,5719,2913,2806
간석오거리,2024-04-26,23242,12212,11030
인천시청,2024-04-26,12038,6081,5957
예술회관,2024-04-26,26616,12742,13874
인천터미널,2024-04-26,32464,15798,16666
문학경기장,2024-04-26,11649,5506,6143
선학,2024-04-26,13822,7030,6792
신연수,2024-04-26,12375,6421,5954
원인재,2024-04-26,6263,3343,2920
동춘,2024-04-26,22711,11001,11710
동막,2024-04-26,11610,6230,5380
캠퍼스타운,2024-04-26,13782,7202,6580
테크노파크,2024-04-26,24538,12397,12141
지식정보단지,2024-04-26,10920,5369,5551
인천대입구,2024-04-26,18612,9394,9218
센트럴파크(재외동포청),2024-04-26,9351,4616,4735
국제업무지구,2024-04-26,4148,2118,2030
송도달빛축제공원,2024-04-26,12264,6231,6033
계양,2024-04-27,7007,3367,3640
귤현,2024-04-27,1777,831,946
박촌,2024-04-27,6483,3462,3021
임학,2024-04-27,13504,6892,6612
계산,2024-04-27,20692,10440,10252
경인교대입구,2024-04-27,9531,4778,4753
작전,2024-04-27,25031,12792,12239
갈산,2024-04-27,11831,6155,5676
부평구청,2024-04-27,11377,5599,5778
부평시장,2024-04-27,20797,10324,10473
부평,2024-04-27,14591,7178,7413
동수,2024-04-27,5707,2886,2821
부평삼거리,2024-04-27,4551,2241,2310
간석오거리,2024-04-27,18223,9508,8715
인천시청,2024-04-27,8104,4188,3916
예술회관,2024-04-27,20429,9632,10797
인천터미널,2024-04-27,30918,15075,15843
문학경기장,2024-04-27,14256,6793,7463
선학,2024-04-27,11570,5890,5680
신연수,2024-04-27,7030,3731,3299
원인재,2024-04-27,4487,2362,2125
동춘,2024-04-27,16852,8302,8550
동막,2024-04-27,7790,4116,3674
캠퍼스타운,2024-04-27,9760,5198,4562
테크노파크,2024-04-27,20815,10258,10557
지식정보단지,2024-04-27,4819,2506,2313
인천대입구,2024-04-27,18245,9217,9028
센트럴파크(재외동포청),2024-04-27,9269,4535,4734
국제업무지구,2024-04-27,1951,1016,935
송도달빛축제공원,2024-04-27,9627,4921,4706
계양,2024-04-28,5250,2423,2827
귤현,2024-04-28,1207,583,624
박촌,2024-04-28,4532,2348,2184
임학,2024-04-28,9496,4842,4654
계산,2024-04-28,14822,7313,7509
경인교대입구,2024-04-28,7882,3893,3989
작전,2024-04-28,16484,8352,8132
갈산,2024-04-28,7530,3830,3700
부평구청,2024-04-28,8233,4043,4190
부평시장,2024-04-28,15756,7929,7827
부평,2024-04-28,9808,5160,4648
동수,2024-04-28,4432,2231,2201
부평삼거리,2024-04-28,3657,1820,1837
간석오거리,2024-04-28,12878,6741,6137
인천시청,2024-04-28,5965,3042,2923
예술회관,2024-04-28,13024,6241,6783
인천터미널,2024-04-28,25117,12863,12254
문학경기장,2024-04-28,9411,4542,4869
선학,2024-04-28,8515,4226,4289
신연수,2024-04-28,5055,2602,2453
원인재,2024-04-28,3070,1646,1424
동춘,2024-04-28,9935,4950,4985
동막,2024-04-28,5009,2562,2447
캠퍼스타운,2024-04-28,7238,3426,3812
테크노파크,2024-04-28,16155,7949,8206
지식정보단지,2024-04-28,3165,1596,1569
인천대입구,2024-04-28,11117,5333,5784
센트럴파크(재외동포청),2024-04-28,5939,2964,2975
국제업무지구,2024-04-28,888,477,411
송도달빛축제공원,2024-04-28,6970,3434,3536
계양,2024-04-29,8362,4197,4165
귤현,2024-04-29,2743,1132,1611
박촌,2024-04-29,8229,4291,3938
임학,2024-04-29,16661,8468,8193
계산,2024-04-29,22255,11346,10909
경인교대입구,2024-04-29,11902,5943,5959
작전,2024-04-29,30819,15661,15158
갈산,2024-04-29,19220,9811,9409
부평구청,2024-04-29,14145,7001,7144
부평시장,2024-04-29,27713,13894,13819
부평,2024-04-29,12921,6468,6453
동수,2024-04-29,8119,4066,4053
부평삼거리,2024-04-29,5371,2725,2646
간석오거리,2024-04-29,21731,11339,10392
인천시청,2024-04-29,11503,5841,5662
예술회관,2024-04-29,23694,11656,12038
인천터미널,2024-04-29,26713,12953,13760
문학경기장,2024-04-29,3796,1871,1925
선학,2024-04-29,12201,6120,6081
신연수,2024-04-29,12058,6076,5982
원인재,2024-04-29,6028,3186,2842
동춘,2024-04-29,20646,9986,10660
동막,2024-04-29,11077,5828,5249
캠퍼스타운,2024-04-29,13255,6570,6685
테크노파크,2024-04-29,22427,11204,11223
지식정보단지,2024-04-29,11243,5528,5715
인천대입구,2024-04-29,19570,9723,9847
센트럴파크(재외동포청),2024-04-29,7802,3919,3883
국제업무지구,2024-04-29,4078,2069,2009
송도달빛축제공원,2024-04-29,11186,5566,5620
계양,2024-04-30,8928,4527,4401
귤현,2024-04-30,2795,1109,1686
박촌,2024-04-30,8470,4459,4011
임학,2024-04-30,17347,8763,8584
계산,2024-04-30,22167,11311,10856
경인교대입구,2024-04-30,12024,6020,6004
작전,2024-04-30,31636,16189,15447
갈산,2024-04-30,19853,10097,9756
부평구청,2024-04-30,14667,7168,7499
부평시장,2024-04-30,29081,14511,14570
부평,2024-04-30,14059,7037,7022
동수,2024-04-30,8463,4284,4179
부평삼거리,2024-04-30,5682,2866,2816
간석오거리,2024-04-30,22767,11941,10826
인천시청,2024-04-30,12327,6228,6099
예술회관,2024-04-30,26406,12850,13556
인천터미널,2024-04-30,28139,13667,14472
문학경기장,2024-04-30,4094,2065,2029
선학,2024-04-30,13199,6649,6550
신연수,2024-04-30,12561,6365,6196
원인재,2024-04-30,6330,3352,2978
동춘,2024-04-30,21884,10674,11210
동막,2024-04-30,11468,6057,5411
캠퍼스타운,2024-04-30,13385,6774,6611
테크노파크,2024-04-30,23692,11835,11857
지식정보단지,2024-04-30,11686,5662,6024
인천대입구,2024-04-30,20563,10201,10362
센트럴파크(재외동포청),2024-04-30,8358,4122,4236
국제업무지구,2024-04-30,4327,2207,2120
송도달빛축제공원,2024-04-30,11724,5874,5850
계양,2024-05-01,6359,3075,3284
귤현,2024-05-01,1716,732,984
박촌,2024-05-01,6252,3232,3020
임학,2024-05-01,12776,6524,6252
계산,2024-05-01,19859,9972,9887
경인교대입구,2024-05-01,9252,4652,4600
작전,2024-05-01,23067,11700,11367
갈산,2024-05-01,10224,5235,4989
부평구청,2024-05-01,10602,5229,5373
부평시장,2024-05-01,20733,10390,10343
부평,2024-05-01,11856,6107,5749
동수,2024-05-01,5205,2622,2583
부평삼거리,2024-05-01,5127,2602,2525
간석오거리,2024-05-01,17029,8832,8197
인천시청,2024-05-01,10000,5250,4750
예술회관,2024-05-01,19611,9281,10330
인천터미널,2024-05-01,25944,12941,13003
문학경기장,2024-05-01,3072,1525,1547
선학,2024-05-01,9768,4901,4867
신연수,2024-05-01,7499,3806,3693
원인재,2024-05-01,3650,1959,1691
동춘,2024-05-01,15765,7792,7973
동막,2024-05-01,7087,3764,3323
캠퍼스타운,2024-05-01,9418,4830,4588
테크노파크,2024-05-01,18672,9250,9422
지식정보단지,2024-05-01,5920,2948,2972
인천대입구,2024-05-01,16861,8602,8259
센트럴파크(재외동포청),2024-05-01,7919,3900,4019
국제업무지구,2024-05-01,1575,801,774
송도달빛축제공원,2024-05-01,8892,4356,4536
계양,2024-05-02,8702,4342,4360
귤현,2024-05-02,2773,1092,1681
박촌,2024-05-02,8434,4418,4016
임학,2024-05-02,17215,8683,8532
계산,2024-05-02,22455,11339,11116
경인교대입구,2024-05-02,12125,6081,6044
작전,2024-05-02,30922,15657,15265
갈산,2024-05-02,19502,9875,9627
부평구청,2024-05-02,14417,7087,7330
부평시장,2024-05-02,27978,14003,13975
부평,2024-05-02,13973,6918,7055
동수,2024-05-02,8376,4294,4082
부평삼거리,2024-05-02,5731,2882,2849
간석오거리,2024-05-02,22179,11596,10583
인천시청,2024-05-02,12062,6065,5997
예술회관,2024-05-02,25291,12450,12841
인천터미널,2024-05-02,28081,13874,14207
문학경기장,2024-05-02,4036,2052,1984
선학,2024-05-02,12705,6402,6303
신연수,2024-05-02,12437,6336,6101
원인재,2024-05-02,6156,3254,2902
동춘,2024-05-02,21662,10472,11190
동막,2024-05-02,11287,5962,5325
캠퍼스타운,2024-05-02,14503,7652,6851
테크노파크,2024-05-02,24465,12330,12135
지식정보단지,2024-05-02,11522,5626,5896
인천대입구,2024-05-02,20485,10420,10065
센트럴파크(재외동포청),2024-05-02,8759,4288,4471
국제업무지구,2024-05-02,4452,2253,2199
송도달빛축제공원,2024-05-02,11607,5705,5902
계양,2024-05-03,9075,4476,4599
귤현,2024-05-03,2754,1100,1654
박촌,2024-05-03,8679,4512,4167
임학,2024-05-03,17924,8942,8982
계산,2024-05-03,22941,11695,11246
경인교대입구,2024-05-03,12094,6134,5960
작전,2024-05-03,32715,16568,16147
갈산,2024-05-03,20021,10289,9732
부평구청,2024-05-03,15534,7582,7952
부평시장,2024-05-03,29213,14613,14600
부평,2024-05-03,16010,7901,8109
동수,2024-05-03,8660,4455,4205
부평삼거리,2024-05-03,5844,2975,2869
간석오거리,2024-05-03,23122,12208,10914
인천시청,2024-05-03,12041,6046,5995
예술회관,2024-05-03,27325,13064,14261
인천터미널,2024-05-03,34996,16707,18289
문학경기장,2024-05-03,15526,7412,8114
선학,2024-05-03,13387,6750,6637
신연수,2024-05-03,12124,6262,5862
원인재,2024-05-03,6271,3315,2956
동춘,2024-05-03,23710,11542,12168
동막,2024-05-03,11853,6357,5496
캠퍼스타운,2024-05-03,14985,7774,7211
테크노파크,2024-05-03,27555,13992,13563
지식정보단지,2024-05-03,11192,5450,5742
인천대입구,2024-05-03,20028,10338,9690
센트럴파크(재외동포청),2024-05-03,10352,5122,5230
국제업무지구,2024-05-03,4487,2266,2221
송도달빛축제공원,2024-05-03,12561,6275,6286
계양,2024-05-04,7019,3372,3647
귤현,2024-05-04,1673,757,916
박촌,2024-05-04,6032,3201,2831
임학,2024-05-04,12773,6642,6131
계산,2024-05-04,18521,9307,9214
경인교대입구,2024-05-04,10350,5240,5110
작전,2024-05-04,23550,12157,11393
갈산,2024-05-04,10666,5593,5073
부평구청,2024-05-04,10787,5291,5496
부평시장,2024-05-04,19911,9984,9927
부평,2024-05-04,14292,7107,7185
동수,2024-05-04,5505,2818,2687
부평삼거리,2024-05-04,5358,2647,2711
간석오거리,2024-05-04,17026,8905,8121
인천시청,2024-05-04,7894,4084,3810
예술회관,2024-05-04,18537,8676,9861
인천터미널,2024-05-04,31934,15052,16882
문학경기장,2024-05-04,17885,8715,9170
선학,2024-05-04,10693,5459,5234
신연수,2024-05-04,6516,3448,3068
원인재,2024-05-04,4218,2220,1998
동춘,2024-05-04,16894,8365,8529
동막,2024-05-04,6863,3677,3186
캠퍼스타운,2024-05-04,9471,5071,4400
테크노파크,2024-05-04,22112,10886,11226
지식정보단지,2024-05-04,4558,2401,2157
인천대입구,2024-05-04,13295,6762,6533
센트럴파크(재외동포청),2024-05-04,9193,4510,4683
국제업무지구,2024-05-04,2059,1077,982
송도달빛축제공원,2024-05-04,11568,5654,5914
계양,2024-05-05,3529,1646,1883
귤현,2024-05-05,914,417,497
박촌,2024-05-05,3912,1995,1917
임학,2024-05-05,8073,3991,4082
계산,2024-05-05,9633,4874,4759
경인교대입구,2024-05-05,6257,3097,3160
작전,2024-05-05,13008,6606,6402
갈산,2024-05-05,5573,2834,2739
부평구청,2024-05-05,6176,3025,3151
부평시장,2024-05-05,12538,6236,6302
부평,2024-05-05,9199,4791,4408
동수,2024-05-05,3683,1854,1829
부평삼거리,2024-05-05,2658,1329,1329
간석오거리,2024-05-05,10717,5506,5211
인천시청,2024-05-05,4482,2315,2167
예술회관,2024-05-05,11731,5567,6164
인천터미널,2024-05-05,20513,10393,10120
문학경기장,2024-05-05,1387,671,716
선학,2024-05-05,6477,3254,3223
신연수,2024-05-05,3984,2009,1975
원인재,2024-05-05,2073,1072,1001
동춘,2024-05-05,10593,5261,5332
동막,2024-05-05,3806,1981,1825
캠퍼스타운,2024-05-05,5103,2627,2476
테크노파크,2024-05-05,15553,7849,7704
지식정보단지,2024-05-05,2467,1281,1186
인천대입구,2024-05-05,7085,3355,3730
센트럴파크(재외동포청),2024-05-05,4332,2113,2219
국제업무지구,2024-05-05,787,423,364
송도달빛축제공원,2024-05-05,4966,2441,2525
계양,2024-05-06,4076,1960,2116
귤현,2024-05-06,1010,483,527
박촌,2024-05-06,3957,2046,1911
임학,2024-05-06,8479,4326,4153
계산,2024-05-06,11417,5848,5569
경인교대입구,2024-05-06,6719,3263,3456
작전,2024-05-06,14446,7414,7032
갈산,2024-05-06,6765,3454,3311
부평구청,2024-05-06,7002,3400,3602
부평시장,2024-05-06,13566,6797,6769
부평,2024-05-06,9891,5135,4756
동수,2024-05-06,3882,1989,1893
부평삼거리,2024-05-06,3433,1717,1716
간석오거리,2024-05-06,12203,6320,5883
인천시청,2024-05-06,4929,2511,2418
예술회관,2024-05-06,12591,6110,6481
인천터미널,2024-05-06,24142,12677,11465
문학경기장,2024-05-06,1685,883,802
선학,2024-05-06,7101,3504,3597
신연수,2024-05-06,4782,2399,2383
원인재,2024-05-06,2404,1234,1170
동춘,2024-05-06,12428,6261,6167
동막,2024-05-06,4387,2261,2126
캠퍼스타운,2024-05-06,6900,3256,3644
테크노파크,2024-05-06,15990,7778,8212
지식정보단지,2024-05-06,3211,1545,1666
인천대입구,2024-05-06,9429,4382,5047
센트럴파크(재외동포청),2024-05-06,4587,2227,2360
국제업무지구,2024-05-06,1603,831,772
송도달빛축제공원,2024-05-06,6170,3169,3001
계양,2024-05-07,8221,4142,4079
귤현,2024-05-07,2615,1022,1593
박촌,2024-05-07,8213,4304,3909
임학,2024-05-07,16868,8446,8422
계산,2024-05-07,20650,10510,10140
경인교대입구,2024-05-07,11617,5799,5818
작전,2024-05-07,30683,15633,15050
갈산,2024-05-07,19415,9836,9579
부평구청,2024-05-07,14186,7008,7178
부평시장,2024-05-07,27106,13579,13527
부평,2024-05-07,12965,6609,6356
동수,2024-05-07,8513,4339,4174
부평삼거리,2024-05-07,5799,2918,2881
간석오거리,2024-05-07,21873,11400,10473
인천시청,2024-05-07,11303,5718,5585
예술회관,2024-05-07,24264,11956,12308
인천터미널,2024-05-07,26274,12769,13505
문학경기장,2024-05-07,3704,1848,1856
선학,2024-05-07,12012,6031,5981
신연수,2024-05-07,11867,5983,5884
원인재,2024-05-07,5871,3172,2699
동춘,2024-05-07,20373,9961,10412
동막,2024-05-07,10763,5707,5056
캠퍼스타운,2024-05-07,12621,6255,6366
테크노파크,2024-05-07,22625,11284,11341
지식정보단지,2024-05-07,11401,5522,5879
인천대입구,2024-05-07,22982,11143,11839
센트럴파크(재외동포청),2024-05-07,8388,4210,4178
국제업무지구,2024-05-07,4464,2288,2176
송도달빛축제공원,2024-05-07,10701,5346,5355
계양,2024-05-08,8685,4340,4345
귤현,2024-05-08,2746,1104,1642
박촌,2024-05-08,8985,4707,4278
임학,2024-05-08,17821,8958,8863
계산,2024-05-08,23222,11830,11392
경인교대입구,2024-05-08,12297,6100,6197
작전,2024-05-08,32154,16180,15974
갈산,2024-05-08,20392,10418,9974
부평구청,2024-05-08,14807,7254,7553
부평시장,2024-05-08,28534,14309,14225
부평,2024-05-08,13680,6839,6841
동수,2024-05-08,8707,4409,4298
부평삼거리,2024-05-08,7935,3944,3991
간석오거리,2024-05-08,23383,12314,11069
인천시청,2024-05-08,12283,6134,6149
예술회관,2024-05-08,25089,12368,12721
인천터미널,2024-05-08,27636,13494,14142
문학경기장,2024-05-08,4130,2074,2056
선학,2024-05-08,12854,6470,6384
신연수,2024-05-08,12507,6360,6147
원인재,2024-05-08,6477,3419,3058
동춘,2024-05-08,21930,10720,11210
동막,2024-05-08,11409,6023,5386
캠퍼스타운,2024-05-08,13426,6764,6662
테크노파크,2024-05-08,23350,11653,11697
지식정보단지,2024-05-08,11546,5481,6065
인천대입구,2024-05-08,21634,10744,10890
센트럴파크(재외동포청),2024-05-08,8696,4354,4342
국제업무지구,2024-05-08,4544,2299,2245
송도달빛축제공원,2024-05-08,11376,5722,5654
계양,2024-05-09,8910,4385,4525
귤현,2024-05-09,2788,1147,1641
박촌,2024-05-09,8587,4474,4113
임학,2024-05-09,17694,8821,8873
계산,2024-05-09,22424,11419,11005
경인교대입구,2024-05-09,12237,6190,6047
작전,2024-05-09,31649,16104,15545
갈산,2024-05-09,20092,10207,9885
부평구청,2024-05-09,14709,7219,7490
부평시장,2024-05-09,28514,14268,14246
부평,2024-05-09,14042,6944,7098
동수,2024-05-09,8579,4368,4211
부평삼거리,2024-05-09,5980,3015,2965
간석오거리,2024-05-09,23123,12082,11041
인천시청,2024-05-09,12351,6193,6158
예술회관,2024-05-09,25014,12329,12685
인천터미널,2024-05-09,27822,13979,13843
문학경기장,2024-05-09,4215,2081,2134
선학,2024-05-09,13094,6582,6512
신연수,2024-05-09,12348,6323,6025
원인재,2024-05-09,6449,3412,3037
동춘,2024-05-09,22766,11136,11630
동막,2024-05-09,11378,6003,5375
캠퍼스타운,2024-05-09,14332,7437,6895
테크노파크,2024-05-09,23683,11886,11797
지식정보단지,2024-05-09,11633,5654,5979
인천대입구,2024-05-09,24099,11814,12285
센트럴파크(재외동포청),2024-05-09,8979,4499,4480
국제업무지구,2024-05-09,4754,2382,2372
송도달빛축제공원,2024-05-09,14473,7070,7403
계양,2024-05-10,8988,4392,4596
귤현,2024-05-10,2764,1137,1627
박촌,2024-05-10,8980,4717,4263
임학,2024-05-10,17952,9074,8878
계산,2024-05-10,23029,11676,11353
경인교대입구,2024-05-10,12143,6028,6115
작전,2024-05-10,32748,16708,16040
갈산,2024-05-10,20437,10443,9994
부평구청,2024-05-10,15424,7578,7846
부평시장,2024-05-10,29204,14615,14589
부평,2024-05-10,15261,7504,7757
동수,2024-05-10,8623,4338,4285
부평삼거리,2024-05-10,5849,2952,2897
간석오거리,2024-05-10,22705,11951,10754
인천시청,2024-05-10,12280,6259,6021
예술회관,2024-05-10,26360,12632,13728
인천터미널,2024-05-10,32087,15780,16307
문학경기장,2024-05-10,4470,2256,2214
선학,2024-05-10,13463,6747,6716
신연수,2024-05-10,12287,6261,6026
원인재,2024-05-10,6554,3456,3098
동춘,2024-05-10,22987,11189,11798
동막,2024-05-10,11423,5998,5425
캠퍼스타운,2024-05-10,14391,7608,6783
테크노파크,2024-05-10,24585,12488,12097
지식정보단지,2024-05-10,11173,5482,5691
인천대입구,2024-05-10,18912,9689,9223
센트럴파크(재외동포청),2024-05-10,9561,4693,4868
국제업무지구,2024-05-10,4525,2272,2253
송도달빛축제공원,2024-05-10,12095,6022,6073
계양,2024-05-11,6138,2953,3185
귤현,2024-05-11,1580,713,867
박촌,2024-05-11,5582,2936,2646
임학,2024-05-11,11737,5960,5777
계산,2024-05-11,17564,8866,8698
경인교대입구,2024-05-11,8800,4410,4390
작전,2024-05-11,22094,11245,10849
갈산,2024-05-11,10343,5350,4993
부평구청,2024-05-11,9826,4842,4984
부평시장,2024-05-11,17933,9009,8924
부평,2024-05-11,13244,6783,6461
동수,2024-05-11,5126,2565,2561
부평삼거리,2024-05-11,4179,2113,2066
간석오거리,2024-05-11,15538,8039,7499
인천시청,2024-05-11,7456,3831,3625
예술회관,2024-05-11,17218,8139,9079
인천터미널,2024-05-11,26291,12724,13567
문학경기장,2024-05-11,2998,1499,1499
선학,2024-05-11,9626,4893,4733
신연수,2024-05-11,6291,3339,2952
원인재,2024-05-11,4197,2250,1947
동춘,2024-05-11,14587,7166,7421
동막,2024-05-11,6791,3585,3206
캠퍼스타운,2024-05-11,8552,4504,4048
테크노파크,2024-05-11,18219,9100,9119
지식정보단지,2024-05-11,3985,2043,1942
인천대입구,2024-05-11,10787,5320,5467
센트럴파크(재외동포청),2024-05-11,6666,3247,3419
국제업무지구,2024-05-11,1932,1017,915
송도달빛축제공원,2024-05-11,7519,3839,3680
계양,2024-05-12,5423,2515,2908
귤현,2024-05-12,1185,549,636
박촌,2024-05-12,4447,2318,2129
임학,2024-05-12,9985,5103,4882
계산,2024-05-12,15027,7538,7489
경인교대입구,2024-05-12,8242,4075,4167
작전,2024-05-12,16845,8650,8195
갈산,2024-05-12,7476,3814,3662
부평구청,2024-05-12,7950,3826,4124
부평시장,2024-05-12,16034,7985,8049
부평,2024-05-12,10795,5616,5179
동수,2024-05-12,4383,2232,2151
부평삼거리,2024-05-12,3896,1936,1960
간석오거리,2024-05-12,13040,6809,6231
인천시청,2024-05-12,6296,3197,3099
예술회관,2024-05-12,13353,6510,6843
인천터미널,2024-05-12,24768,12682,12086
문학경기장,2024-05-12,9790,4499,5291
선학,2024-05-12,9640,4931,4709
신연수,2024-05-12,5212,2667,2545
원인재,2024-05-12,3338,1792,1546
동춘,2024-05-12,10671,5368,5303
동막,2024-05-12,4871,2522,2349
캠퍼스타운,2024-05-12,7909,3774,4135
테크노파크,2024-05-12,18869,9324,9545
지식정보단지,2024-05-12,3266,1634,1632
인천대입구,2024-05-12,9113,4424,4689
센트럴파크(재외동포청),2024-05-12,6474,3129,3345
국제업무지구,2024-05-12,838,441,397
송도달빛축제공원,2024-05-12,7757,3828,3929
계양,2024-05-13,8402,4215,4187
귤현,2024-05-13,2690,1074,1616
박촌,2024-05-13,8450,4491,3959
임학,2024-05-13,17184,8670,8514
계산,2024-05-13,22317,11353,10964
경인교대입구,2024-05-13,11913,5902,6011
작전,2024-05-13,31437,15955,15482
갈산,2024-05-13,19730,10072,9658
부평구청,2024-05-13,14490,7183,7307
부평시장,2024-05-13,28112,14027,14085
부평,2024-05-13,13547,6817,6730
동수,2024-05-13,8396,4352,4044
부평삼거리,2024-05-13,5524,2806,2718
간석오거리,2024-05-13,21974,11456,10518
인천시청,2024-05-13,11669,5884,5785
예술회관,2024-05-13,24587,12224,12363
인천터미널,2024-05-13,27291,13206,14085
문학경기장,2024-05-13,3914,1911,2003
선학,2024-05-13,12461,6271,6190
신연수,2024-05-13,12281,6225,6056
원인재,2024-05-13,6249,3314,2935
동춘,2024-05-13,21305,10424,10881
동막,2024-05-13,11355,6006,5349
캠퍼스타운,2024-05-13,13413,6609,6804
테크노파크,2024-05-13,22546,11248,11298
지식정보단지,2024-05-13,11313,5480,5833
인천대입구,2024-05-13,19352,9633,9719
센트럴파크(재외동포청),2024-05-13,8192,4144,4048
국제업무지구,2024-05-13,4614,2335,2279
송도달빛축제공원,2024-05-13,11160,5590,5570
계양,2024-05-14,9357,4703,4654
귤현,2024-05-14,2819,1151,1668
박촌,2024-05-14,9132,4841,4291
임학,2024-05-14,19246,9777,9469
계산,2024-05-14,22510,11400,11110
경인교대입구,2024-05-14,12482,6311,6171
작전,2024-05-14,32985,16896,16089
갈산,2024-05-14,20449,10438,10011
부평구청,2024-05-14,15350,7632,7718
부평시장,2024-05-14,29592,14972,14620
부평,2024-05-14,14768,7178,7590
동수,2024-05-14,9258,4747,4511
부평삼거리,2024-05-14,5910,2999,2911
간석오거리,2024-05-14,23731,12410,11321
인천시청,2024-05-14,12146,6165,5981
예술회관,2024-05-14,26892,12885,14007
인천터미널,2024-05-14,29922,14459,15463
문학경기장,2024-05-14,15964,7556,8408
선학,2024-05-14,13613,6923,6690
신연수,2024-05-14,12687,6449,6238
원인재,2024-05-14,6728,3540,3188
동춘,2024-05-14,23193,11476,11717
동막,2024-05-14,11364,6077,5287
캠퍼스타운,2024-05-14,14502,7543,6959
테크노파크,2024-05-14,23784,11954,11830
지식정보단지,2024-05-14,11727,5747,5980
인천대입구,2024-05-14,20741,10390,10351
센트럴파크(재외동포청),2024-05-14,8850,4365,4485
국제업무지구,2024-05-14,4623,2357,2266
송도달빛축제공원,2024-05-14,11836,5881,5955
계양,2024-05-15,5032,2373,2659
귤현,2024-05-15,1147,564,583
박촌,2024-05-15,4498,2301,2197
임학,2024-05-15,9411,4761,4650
계산,2024-05-15,13535,6742,6793
경인교대입구,2024-05-15,7527,3769,3758
작전,2024-05-15,16245,8233,8012
갈산,2024-05-15,7975,4074,3901
부평구청,2024-05-15,7920,3905,4015
부평시장,2024-05-15,15364,7610,7754
부평,2024-05-15,10793,5598,5195
동수,2024-05-15,4476,2203,2273
부평삼거리,2024-05-15,4398,2186,2212
간석오거리,2024-05-15,14620,7590,7030
인천시청,2024-05-15,5503,2763,2740
예술회관,2024-05-15,15583,7638,7945
인천터미널,2024-05-15,22146,11116,11030
문학경기장,2024-05-15,12630,6277,6353
선학,2024-05-15,8243,4080,4163
신연수,2024-05-15,5407,2752,2655
원인재,2024-05-15,3178,1686,1492
동춘,2024-05-15,13003,6464,6539
동막,2024-05-15,5280,2674,2606
캠퍼스타운,2024-05-15,7535,3853,3682
테크노파크,2024-05-15,16602,8274,8328
지식정보단지,2024-05-15,3693,1857,1836
인천대입구,2024-05-15,9489,4639,4850
센트럴파크(재외동포청),2024-05-15,4875,2437,2438
국제업무지구,2024-05-15,1641,850,791
송도달빛축제공원,2024-05-15,6392,3192,3200
계양,2024-05-16,8784,4407,4377
귤현,2024-05-16,2805,1121,1684
박촌,2024-05-16,8604,4487,4117
임학,2024-05-16,17307,8707,8600
계산,2024-05-16,22159,11235,10924
경인교대입구,2024-05-16,12040,6066,5974
작전,2024-05-16,31792,16082,15710
갈산,2024-05-16,20018,10204,9814
부평구청,2024-05-16,14936,7297,7639
부평시장,2024-05-16,28292,14097,14195
부평,2024-05-16,14041,7073,6968
동수,2024-05-16,8583,4366,4217
부평삼거리,2024-05-16,5608,2859,2749
간석오거리,2024-05-16,22875,11871,11004
인천시청,2024-05-16,12098,6084,6014
예술회관,2024-05-16,25022,12331,12691
인천터미널,2024-05-16,28199,14058,14141
문학경기장,2024-05-16,13490,6482,7008
선학,2024-05-16,12907,6546,6361
신연수,2024-05-16,12369,6285,6084
원인재,2024-05-16,6423,3402,3021
동춘,2024-05-16,21863,10663,11200
동막,2024-05-16,11198,5897,5301
캠퍼스타운,2024-05-16,14470,7542,6928
테크노파크,2024-05-16,23229,11702,11527
지식정보단지,2024-05-16,11353,5507,5846
인천대입구,2024-05-16,19832,10002,9830
센트럴파크(재외동포청),2024-05-16,8068,4057,4011
국제업무지구,2024-05-16,4616,2362,2254
송도달빛축제공원,2024-05-16,11555,5711,5844
계양,2024-05-17,8896,4456,4440
귤현,2024-05-17,2832,1156,1676
박촌,2024-05-17,8713,4609,4104
임학,2024-05-17,17769,8882,8887
계산,2024-05-17,22666,11485,11181
경인교대입구,2024-05-17,12124,6074,6050
작전,2024-05-17,32737,16608,16129
갈산,2024-05-17,19995,10203,9792
부평구청,2024-05-17,15278,7481,7797
부평시장,2024-05-17,28891,14439,14452
부평,2024-05-17,15052,7425,7627
동수,2024-05-17,8452,4323,4129
부평삼거리,2024-05-17,5793,2936,2857
간석오거리,2024-05-17,23009,12106,10903
인천시청,2024-05-17,12252,6200,6052
예술회관,2024-05-17,27494,13187,14307
인천터미널,2024-05-17,31368,15472,15896
문학경기장,2024-05-17,4222,2182,2040
선학,2024-05-17,13453,6759,6694
신연수,2024-05-17,12187,6321,5866
원인재,2024-05-17,6563,3454,3109
동춘,2024-05-17,22568,10954,11614
동막,2024-05-17,11243,5948,5295
캠퍼스타운,2024-05-17,14036,7323,6713
테크노파크,2024-05-17,25345,12770,12575
지식정보단지,2024-05-17,11231,5450,5781
인천대입구,2024-05-17,19159,9791,9368
센트럴파크(재외동포청),2024-05-17,9796,4851,4945
국제업무지구,2024-05-17,4589,2290,2299
송도달빛축제공원,2024-05-17,11875,5978,5897
계양,2024-05-18,7253,3447,3806
귤현,2024-05-18,1721,765,956
박촌,2024-05-18,6134,3229,2905
임학,2024-05-18,13112,6806,6306
계산,2024-05-18,19721,9874,9847
경인교대입구,2024-05-18,9653,4928,4725
작전,2024-05-18,25032,12852,12180
갈산,2024-05-18,11528,5903,5625
부평구청,2024-05-18,11286,5568,5718
부평시장,2024-05-18,20389,10131,10258
부평,2024-05-18,14290,7088,7202
동수,2024-05-18,5466,2771,2695
부평삼거리,2024-05-18,4575,2273,2302
간석오거리,2024-05-18,17392,9049,8343
인천시청,2024-05-18,8216,4223,3993
예술회관,2024-05-18,18450,8709,9741
인천터미널,2024-05-18,29540,14288,15252
문학경기장,2024-05-18,3461,1656,1805
선학,2024-05-18,11502,5799,5703
신연수,2024-05-18,6777,3551,3226
원인재,2024-05-18,3910,2075,1835
동춘,2024-05-18,16518,8236,8282
동막,2024-05-18,7344,3902,3442
캠퍼스타운,2024-05-18,9810,5206,4604
테크노파크,2024-05-18,20818,10326,10492
지식정보단지,2024-05-18,4559,2367,2192
인천대입구,2024-05-18,12554,6305,6249
센트럴파크(재외동포청),2024-05-18,9261,4533,4728
국제업무지구,2024-05-18,2071,1062,1009
송도달빛축제공원,2024-05-18,9301,4658,4643
계양,2024-05-19,5564,2560,3004
귤현,2024-05-19,1219,566,653
박촌,2024-05-19,4632,2381,2251
임학,2024-05-19,9643,4871,4772
계산,2024-05-19,14778,7318,7460
경인교대입구,2024-05-19,7844,3932,3912
작전,2024-05-19,16752,8452,8300
갈산,2024-05-19,7331,3748,3583
부평구청,2024-05-19,8212,3986,4226
부평시장,2024-05-19,15820,7900,7920
부평,2024-05-19,10312,5336,4976
동수,2024-05-19,4539,2271,2268
부평삼거리,2024-05-19,3600,1721,1879
간석오거리,2024-05-19,13082,6896,6186
인천시청,2024-05-19,6202,3182,3020
예술회관,2024-05-19,13329,6576,6753
인천터미널,2024-05-19,24916,12763,12153
문학경기장,2024-05-19,15124,7248,7876
선학,2024-05-19,8688,4261,4427
신연수,2024-05-19,5150,2627,2523
원인재,2024-05-19,3307,1740,1567
동춘,2024-05-19,12069,5974,6095
동막,2024-05-19,4906,2573,2333
캠퍼스타운,2024-05-19,7498,3510,3988
테크노파크,2024-05-19,16597,8143,8454
지식정보단지,2024-05-19,3360,1661,1699
인천대입구,2024-05-19,9036,4235,4801
센트럴파크(재외동포청),2024-05-19,5949,2908,3041
국제업무지구,2024-05-19,948,504,444
송도달빛축제공원,2024-05-19,7674,3708,3966
계양,2024-05-20,8330,4174,4156
귤현,2024-05-20,2598,1033,1565
박촌,2024-05-20,8359,4341,4018
임학,2024-05-20,16837,8503,8334
계산,2024-05-20,21957,11196,10761
경인교대입구,2024-05-20,11791,5880,5911
작전,2024-05-20,31054,15858,15196
갈산,2024-05-20,19451,9889,9562
부평구청,2024-05-20,14011,6787,7224
부평시장,2024-05-20,27786,13909,13877
부평,2024-05-20,13111,6506,6605
동수,2024-05-20,8158,4152,4006
부평삼거리,2024-05-20,5482,2724,2758
간석오거리,2024-05-20,22035,11442,10593
인천시청,2024-05-20,11535,5811,5724
예술회관,2024-05-20,24205,12130,12075
인천터미널,2024-05-20,26239,12677,13562
문학경기장,2024-05-20,3985,1974,2011
선학,2024-05-20,11972,5970,6002
신연수,2024-05-20,12396,6311,6085
원인재,2024-05-20,6174,3279,2895
동춘,2024-05-20,20495,9993,10502
동막,2024-05-20,11028,5888,5140
캠퍼스타운,2024-05-20,13208,6564,6644
테크노파크,2024-05-20,22440,11214,11226
지식정보단지,2024-05-20,11313,5480,5833
인천대입구,2024-05-20,18851,9321,9530
센트럴파크(재외동포청),2024-05-20,7937,4007,3930
국제업무지구,2024-05-20,4503,2278,2225
송도달빛축제공원,2024-05-20,10852,5403,5449
계양,2024-05-21,8597,4336,4261
귤현,2024-05-21,2648,1013,1635
박촌,2024-05-21,8429,4372,4057
임학,2024-05-21,17150,8655,8495
계산,2024-05-21,21830,11054,10776
경인교대입구,2024-05-21,11695,5872,5823
작전,2024-05-21,31989,16299,15690
갈산,2024-05-21,19984,10169,9815
부평구청,2024-05-21,14608,7160,7448
부평시장,2024-05-21,28276,14129,14147
부평,2024-05-21,13020,6450,6570
동수,2024-05-21,8538,4343,4195
부평삼거리,2024-05-21,5429,2712,2717
간석오거리,2024-05-21,22635,11738,10897
인천시청,2024-05-21,11854,6017,5837
예술회관,2024-05-21,24485,12064,12421
인천터미널,2024-05-21,26645,13105,13540
문학경기장,2024-05-21,3983,1997,1986
선학,2024-05-21,12535,6263,6272
신연수,2024-05-21,12290,6234,6056
원인재,2024-05-21,6406,3388,3018
동춘,2024-05-21,21482,10552,10930
동막,2024-05-21,10936,5877,5059
캠퍼스타운,2024-05-21,13208,6780,6428
테크노파크,2024-05-21,22550,11294,11256
지식정보단지,2024-05-21,11366,5482,5884
인천대입구,2024-05-21,19476,9771,9705
센트럴파크(재외동포청),2024-05-21,8083,4050,4033
국제업무지구,2024-05-21,4606,2333,2273
송도달빛축제공원,2024-05-21,11166,5533,5633
계양,2024-05-22,8584,4288,4296
귤현,2024-05-22,2811,1117,1694
박촌,2024-05-22,8421,4378,4043
임학,2024-05-22,17287,8698,8589
계산,2024-05-22,22826,11562,11264
경인교대입구,2024-05-22,11911,5942,5969
작전,2024-05-22,31564,16003,15561
갈산,2024-05-22,20130,10287,9843
부평구청,2024-05-22,14924,7321,7603
부평시장,2024-05-22,28671,14390,14281
부평,2024-05-22,13638,6808,6830
동수,2024-05-22,8531,4328,4203
부평삼거리,2024-05-22,5565,2793,2772
간석오거리,2024-05-22,22877,11917,10960
인천시청,2024-05-22,11983,5943,6040
예술회관,2024-05-22,25252,12446,12806
인천터미널,2024-05-22,26793,13322,13471
문학경기장,2024-05-22,4140,2085,2055
선학,2024-05-22,13023,6516,6507
신연수,2024-05-22,12675,6433,6242
원인재,2024-05-22,6377,3407,2970
동춘,2024-05-22,21523,10548,10975
동막,2024-05-22,11507,6104,5403
캠퍼스타운,2024-05-22,13503,6878,6625
테크노파크,2024-05-22,23014,11541,11473
지식정보단지,2024-05-22,11557,5628,5929
인천대입구,2024-05-22,20019,10069,9950
센트럴파크(재외동포청),2024-05-22,8640,4329,4311
국제업무지구,2024-05-22,4472,2274,2198
송도달빛축제공원,2024-05-22,11164,5561,5603
계양,2024-05-23,8614,4299,4315
귤현,2024-05-23,2689,1076,1613
박촌,2024-05-23,8383,4331,4052
임학,2024-05-23,17276,8714,8562
계산,2024-05-23,22427,11363,11064
경인교대입구,2024-05-23,11955,6043,5912
작전,2024-05-23,31039,15767,15272
갈산,2024-05-23,19651,9972,9679
부평구청,2024-05-23,14849,7293,7556
부평시장,2024-05-23,27538,13748,13790
부평,2024-05-23,13395,6681,6714
동수,2024-05-23,8466,4289,4177
부평삼거리,2024-05-23,5494,2798,2696
간석오거리,2024-05-23,22545,11814,10731
인천시청,2024-05-23,11926,6011,5915
예술회관,2024-05-23,24897,12158,12739
인천터미널,2024-05-23,27749,13826,13923
문학경기장,2024-05-23,4185,2035,2150
선학,2024-05-23,12695,6349,6346
신연수,2024-05-23,12622,6401,6221
원인재,2024-05-23,6423,3377,3046
동춘,2024-05-23,21884,10669,11215
동막,2024-05-23,11147,5901,5246
캠퍼스타운,2024-05-23,14381,7614,6767
테크노파크,2024-05-23,23218,11624,11594
지식정보단지,2024-05-23,11454,5554,5900
인천대입구,2024-05-23,19943,10030,9913
센트럴파크(재외동포청),2024-05-23,8826,4382,4444
국제업무지구,2024-05-23,4639,2333,2306
송도달빛축제공원,2024-05-23,11323,5638,5685
계양,2024-05-24,8893,4391,4502
귤현,2024-05-24,2717,1091,1626
박촌,2024-05-24,8520,4519,4001
임학,2024-05-24,17700,8869,8831
계산,2024-05-24,22307,11326,10981
경인교대입구,2024-05-24,12245,6178,6067
작전,2024-05-24,32335,16347,15988
갈산,2024-05-24,20251,10384,9867
부평구청,2024-05-24,15059,7510,7549
부평시장,2024-05-24,29226,14574,14652
부평,2024-05-24,15616,7548,8068
동수,2024-05-24,8709,4437,4272
부평삼거리,2024-05-24,5787,2937,2850
간석오거리,2024-05-24,23286,12087,11199
인천시청,2024-05-24,12101,6151,5950
예술회관,2024-05-24,26803,12914,13889
인천터미널,2024-05-24,32156,15759,16397
문학경기장,2024-05-24,18317,8767,9550
선학,2024-05-24,13399,6773,6626
신연수,2024-05-24,12225,6281,5944
원인재,2024-05-24,6608,3490,3118
동춘,2024-05-24,22546,11052,11494
동막,2024-05-24,11644,6151,5493
캠퍼스타운,2024-05-24,14600,7576,7024
테크노파크,2024-05-24,24128,12114,12014
지식정보단지,2024-05-24,11129,5435,5694
인천대입구,2024-05-24,18769,9573,9196
센트럴파크(재외동포청),2024-05-24,9154,4578,4576
국제업무지구,2024-05-24,4744,2376,2368
송도달빛축제공원,2024-05-24,11715,5863,5852
계양,2024-05-25,7287,3518,3769
귤현,2024-05-25,1786,796,990
박촌,2024-05-25,6207,3317,2890
임학,2024-05-25,13598,6942,6656
계산,2024-05-25,20625,10332,10293
경인교대입구,2024-05-25,9718,4895,4823
작전,2024-05-25,25561,13216,12345
갈산,2024-05-25,11719,6009,5710
부평구청,2024-05-25,11787,5773,6014
부평시장,2024-05-25,20602,10318,10284
부평,2024-05-25,14906,7425,7481
동수,2024-05-25,5567,2882,2685
부평삼거리,2024-05-25,4530,2260,2270
간석오거리,2024-05-25,17603,9205,8398
인천시청,2024-05-25,8130,4193,3937
예술회관,2024-05-25,19570,9291,10279
인천터미널,2024-05-25,30136,14739,15397
문학경기장,2024-05-25,19261,9146,10115
선학,2024-05-25,11539,5804,5735
신연수,2024-05-25,7131,3774,3357
원인재,2024-05-25,4890,2603,2287
동춘,2024-05-25,16964,8441,8523
동막,2024-05-25,7206,3817,3389
캠퍼스타운,2024-05-25,11162,6310,4852
테크노파크,2024-05-25,20492,10191,10301
지식정보단지,2024-05-25,4637,2435,2202
인천대입구,2024-05-25,12064,6039,6025
센트럴파크(재외동포청),2024-05-25,9923,4860,5063
국제업무지구,2024-05-25,2107,1094,1013
송도달빛축제공원,2024-05-25,9630,4894,4736
계양,2024-05-26,4718,2183,2535
귤현,2024-05-26,1137,524,613
박촌,2024-05-26,4240,2173,2067
임학,2024-05-26,8729,4431,4298
계산,2024-05-26,13434,6697,6737
경인교대입구,2024-05-26,7464,3736,3728
작전,2024-05-26,15419,7885,7534
갈산,2024-05-26,7046,3643,3403
부평구청,2024-05-26,7200,3495,3705
부평시장,2024-05-26,14560,7201,7359
부평,2024-05-26,9954,5183,4771
동수,2024-05-26,4260,2186,2074
부평삼거리,2024-05-26,3018,1504,1514
간석오거리,2024-05-26,11786,6103,5683
인천시청,2024-05-26,5417,2736,2681
예술회관,2024-05-26,12301,6025,6276
인천터미널,2024-05-26,23482,11965,11517
문학경기장,2024-05-26,14084,6898,7186
선학,2024-05-26,7568,3691,3877
신연수,2024-05-26,4799,2417,2382
원인재,2024-05-26,2984,1552,1432
동춘,2024-05-26,8768,4366,4402
동막,2024-05-26,4432,2293,2139
캠퍼스타운,2024-05-26,6900,3258,3642
테크노파크,2024-05-26,14818,7316,7502
지식정보단지,2024-05-26,2926,1424,1502
인천대입구,2024-05-26,8008,3758,4250
센트럴파크(재외동포청),2024-05-26,4835,2307,2528
국제업무지구,2024-05-26,894,481,413
송도달빛축제공원,2024-05-26,6149,3022,3127
계양,2024-05-27,8314,4148,4166
귤현,2024-05-27,2678,1084,1594
박촌,2024-05-27,8266,4320,3946
임학,2024-05-27,16861,8521,8340
계산,2024-05-27,21912,11127,10785
경인교대입구,2024-05-27,11579,5830,5749
작전,2024-05-27,31204,15949,15255
갈산,2024-05-27,19677,9997,9680
부평구청,2024-05-27,14527,7115,7412
부평시장,2024-05-27,27889,13998,13891
부평,2024-05-27,13477,6755,6722
동수,2024-05-27,8452,4307,4145
부평삼거리,2024-05-27,5428,2757,2671
간석오거리,2024-05-27,21895,11430,10465
인천시청,2024-05-27,11250,5710,5540
예술회관,2024-05-27,24253,11991,12262
인천터미널,2024-05-27,26896,13143,13753
문학경기장,2024-05-27,3848,1916,1932
선학,2024-05-27,12232,6120,6112
신연수,2024-05-27,12417,6283,6134
원인재,2024-05-27,6372,3361,3011
동춘,2024-05-27,21160,10347,10813
동막,2024-05-27,10883,5801,5082
캠퍼스타운,2024-05-27,13439,6670,6769
테크노파크,2024-05-27,22118,11005,11113
지식정보단지,2024-05-27,11226,5464,5762
인천대입구,2024-05-27,19580,9666,9914
센트럴파크(재외동포청),2024-05-27,7958,3990,3968
국제업무지구,2024-05-27,4395,2231,2164
송도달빛축제공원,2024-05-27,11402,5687,5715
계양,2024-05-28,8836,4420,4416
귤현,2024-05-28,2741,1066,1675
박촌,2024-05-28,8516,4486,4030
임학,2024-05-28,17279,8749,8530
계산,2024-05-28,21991,11138,10853
경인교대입구,2024-05-28,11884,5993,5891
작전,2024-05-28,31906,16199,15707
갈산,2024-05-28,20050,10230,9820
부평구청,2024-05-28,15212,7411,7801
부평시장,2024-05-28,28479,14222,14257
부평,2024-05-28,13197,6715,6482
동수,2024-05-28,8868,4477,4391
부평삼거리,2024-05-28,5709,2913,2796
간석오거리,2024-05-28,23131,12044,11087
인천시청,2024-05-28,12445,6287,6158
예술회관,2024-05-28,24747,12176,12571
인천터미널,2024-05-28,26432,12968,13464
문학경기장,2024-05-28,14186,6704,7482
선학,2024-05-28,12650,6289,6361
신연수,2024-05-28,12488,6361,6127
원인재,2024-05-28,6496,3484,3012
동춘,2024-05-28,21346,10482,10864
동막,2024-05-28,11029,5836,5193
캠퍼스타운,2024-05-28,13779,6992,6787
테크노파크,2024-05-28,22706,11381,11325
지식정보단지,2024-05-28,11548,5552,5996
인천대입구,2024-05-28,20430,10250,10180
센트럴파크(재외동포청),2024-05-28,8436,4224,4212
국제업무지구,2024-05-28,4521,2281,2240
송도달빛축제공원,2024-05-28,11502,5732,5770
계양,2024-05-29,9133,4595,4538
귤현,2024-05-29,2847,1174,1673
박촌,2024-05-29,8548,4420,4128
임학,2024-05-29,17291,8702,8589
계산,2024-05-29,22419,11479,10940
경인교대입구,2024-05-29,11790,5908,5882
작전,2024-05-29,31822,16231,15591
갈산,2024-05-29,20095,10144,9951
부평구청,2024-05-29,15201,7511,7690
부평시장,2024-05-29,28664,14340,14324
부평,2024-05-29,13665,6822,6843
동수,2024-05-29,8553,4329,4224
부평삼거리,2024-05-29,5676,2872,2804
간석오거리,2024-05-29,22927,11978,10949
인천시청,2024-05-29,12324,6205,6119
예술회관,2024-05-29,25318,12435,12883
인천터미널,2024-05-29,26872,13205,13667
문학경기장,2024-05-29,14706,7214,7492
선학,2024-05-29,12784,6416,6368
신연수,2024-05-29,12299,6257,6042
원인재,2024-05-29,6204,3310,2894
동춘,2024-05-29,21411,10425,10986
동막,2024-05-29,11236,5992,5244
캠퍼스타운,2024-05-29,14121,7208,6913
테크노파크,2024-05-29,23389,11751,11638
지식정보단지,2024-05-29,11575,5632,5943
인천대입구,2024-05-29,20200,10199,10001
센트럴파크(재외동포청),2024-05-29,9039,4527,4512
국제업무지구,2024-05-29,4479,2259,2220
송도달빛축제공원,2024-05-29,11557,5758,5799
계양,2024-05-30,8778,4371,4407
귤현,2024-05-30,2726,1068,1658
박촌,2024-05-30,8358,4394,3964
임학,2024-05-30,17134,8649,8485
계산,2024-05-30,21938,11014,10924
경인교대입구,2024-05-30,12020,6013,6007
작전,2024-05-30,31101,15821,15280
갈산,2024-05-30,19956,10043,9913
부평구청,2024-05-30,14992,7314,7678
부평시장,2024-05-30,28164,14034,14130
부평,2024-05-30,13502,6768,6734
동수,2024-05-30,8506,4317,4189
부평삼거리,2024-05-30,5673,2845,2828
간석오거리,2024-05-30,22688,11835,10853
인천시청,2024-05-30,11836,5883,5953
예술회관,2024-05-30,24726,12103,12623
인천터미널,2024-05-30,27043,13500,13543
문학경기장,2024-05-30,15137,7493,7644
선학,2024-05-30,12815,6448,6367
신연수,2024-05-30,12491,6301,6190
원인재,2024-05-30,6151,3303,2848
동춘,2024-05-30,21231,10306,10925
동막,2024-05-30,10939,5807,5132
캠퍼스타운,2024-05-30,14264,7656,6608
테크노파크,2024-05-30,22921,11522,11399
지식정보단지,2024-05-30,11365,5537,5828
인천대입구,2024-05-30,20070,10150,9920
센트럴파크(재외동포청),2024-05-30,8643,4332,4311
국제업무지구,2024-05-30,4506,2250,2256
송도달빛축제공원,2024-05-30,11701,5825,5876
계양,2024-05-31,9130,4458,4672
귤현,2024-05-31,2704,1092,1612
박촌,2024-05-31,8549,4445,4104
임학,2024-05-31,17465,8828,8637
계산,2024-05-31,22273,11340,10933
경인교대입구,2024-05-31,11683,5924,5759
작전,2024-05-31,31595,16126,15469
갈산,2024-05-31,19795,10056,9739
부평구청,2024-05-31,15120,7439,7681
부평시장,2024-05-31,28423,14176,14247
부평,2024-05-31,15161,7451,7710
동수,2024-05-31,8418,4266,4152
부평삼거리,2024-05-31,5624,2877,2747
간석오거리,2024-05-31,22538,11853,10685
인천시청,2024-05-31,11806,5987,5819
예술회관,2024-05-31,26167,12622,13545
인천터미널,2024-05-31,31151,15172,15979
문학경기장,2024-05-31,3979,2019,1960
선학,2024-05-31,13318,6675,6643
신연수,2024-05-31,12133,6255,5878
원인재,2024-05-31,6114,3249,2865
동춘,2024-05-31,22488,10928,11560
동막,2024-05-31,11231,5992,5239
캠퍼스타운,2024-05-31,13783,7204,6579
테크노파크,2024-05-31,24205,12095,12110
지식정보단지,2024-05-31,10996,5333,5663
인천대입구,2024-05-31,18618,9436,9182
센트럴파크(재외동포청),2024-05-31,9953,4905,5048
국제업무지구,2024-05-31,4785,2387,2398
송도달빛축제공원,2024-05-31,11628,5869,5759
계양,2024-06-01,6852,3256,3596
귤현,2024-06-01,1598,719,879
박촌,2024-06-01,6027,3216,2811
임학,2024-06-01,12687,6493,6194
계산,2024-06-01,19307,9607,9700
경인교대입구,2024-06-01,9309,4716,4593
작전,2024-06-01,23525,12126,11399
갈산,2024-06-01,10888,5606,5282
부평구청,2024-06-01,11164,5512,5652
부평시장,2024-06-01,19433,9723,9710
부평,2024-06-01,14262,7013,7249
동수,2024-06-01,5415,2786,2629
부평삼거리,2024-06-01,4429,2225,2204
간석오거리,2024-06-01,16905,8805,8100
인천시청,2024-06-01,7994,4172,3822
예술회관,2024-06-01,18181,8597,9584
인천터미널,2024-06-01,27612,13518,14094
문학경기장,2024-06-01,3114,1532,1582
선학,2024-06-01,10653,5445,5208
신연수,2024-06-01,6989,3655,3334
원인재,2024-06-01,4054,2124,1930
동춘,2024-06-01,16533,8186,8347
동막,2024-06-01,6816,3639,3177
캠퍼스타운,2024-06-01,9619,4996,4623
테크노파크,2024-06-01,20193,9995,10198
지식정보단지,2024-06-01,4706,2422,2284
인천대입구,2024-06-01,11645,5912,5733
센트럴파크(재외동포청),2024-06-01,8395,4102,4293
국제업무지구,2024-06-01,2081,1095,986
송도달빛축제공원,2024-06-01,9464,4809,4655
계양,2024-06-02,5081,2379,2702
귤현,2024-06-02,1132,515,617
박촌,2024-06-02,4432,2300,2132
임학,2024-06-02,9410,4804,4606
계산,2024-06-02,14564,7164,7400
경인교대입구,2024-06-02,7569,3803,3766
작전,2024-06-02,15809,7977,7832
갈산,2024-06-02,7052,3614,3438
부평구청,2024-06-02,7264,3579,3685
부평시장,2024-06-02,15090,7506,7584
부평,2024-06-02,9524,4995,4529
동수,2024-06-02,4210,2157,2053
부평삼거리,2024-06-02,3452,1654,1798
간석오거리,2024-06-02,12370,6458,5912
인천시청,2024-06-02,5938,3032,2906
예술회관,2024-06-02,12260,5994,6266
인천터미널,2024-06-02,22729,11508,11221
문학경기장,2024-06-02,1589,806,783
선학,2024-06-02,8163,4087,4076
신연수,2024-06-02,4912,2525,2387
원인재,2024-06-02,2862,1517,1345
동춘,2024-06-02,11842,5815,6027
동막,2024-06-02,4553,2353,2200
캠퍼스타운,2024-06-02,7502,3546,3956
테크노파크,2024-06-02,15639,7673,7966
지식정보단지,2024-06-02,3124,1556,1568
인천대입구,2024-06-02,7977,3761,4216
센트럴파크(재외동포청),2024-06-02,6306,3123,3183
국제업무지구,2024-06-02,1045,529,516
송도달빛축제공원,2024-06-02,6781,3386,3395
계양,2024-06-03,8374,4234,4140
귤현,2024-06-03,2703,1074,1629
박촌,2024-06-03,8197,4244,3953
임학,2024-06-03,16532,8472,8060
계산,2024-06-03,21677,11076,10601
경인교대입구,2024-06-03,11694,5906,5788
작전,2024-06-03,30585,15580,15005
갈산,2024-06-03,19517,9972,9545
부평구청,2024-06-03,14362,7066,7296
부평시장,2024-06-03,27779,13936,13843
부평,2024-06-03,12962,6452,6510
동수,2024-06-03,8150,4170,3980
부평삼거리,2024-06-03,5407,2699,2708
간석오거리,2024-06-03,21647,11341,10306
인천시청,2024-06-03,11540,5799,5741
예술회관,2024-06-03,23418,11618,11800
인천터미널,2024-06-03,26171,12685,13486
문학경기장,2024-06-03,3935,1922,2013
선학,2024-06-03,12343,6217,6126
신연수,2024-06-03,12029,6078,5951
원인재,2024-06-03,6065,3242,2823
동춘,2024-06-03,21046,10362,10684
동막,2024-06-03,11107,5845,5262
캠퍼스타운,2024-06-03,13283,6574,6709
테크노파크,2024-06-03,22009,10929,11080
지식정보단지,2024-06-03,11437,5531,5906
인천대입구,2024-06-03,19140,9579,9561
센트럴파크(재외동포청),2024-06-03,7838,3930,3908
국제업무지구,2024-06-03,4437,2252,2185
송도달빛축제공원,2024-06-03,10865,5422,5443
계양,2024-06-04,8667,4354,4313
귤현,2024-06-04,2795,1065,1730
박촌,2024-06-04,8352,4345,4007
임학,2024-06-04,17095,8637,8458
계산,2024-06-04,21507,10841,10666
경인교대입구,2024-06-04,11809,5941,5868
작전,2024-06-04,31566,16058,15508
갈산,2024-06-04,19935,10136,9799
부평구청,2024-06-04,14736,7187,7549
부평시장,2024-06-04,28483,14263,14220
부평,2024-06-04,12962,6547,6415
동수,2024-06-04,8523,4302,4221
부평삼거리,2024-06-04,5475,2772,2703
간석오거리,2024-06-04,22631,11713,10918
인천시청,2024-06-04,11940,6099,5841
예술회관,2024-06-04,24401,11988,12413
인천터미널,2024-06-04,26400,12979,13421
문학경기장,2024-06-04,10636,5163,5473
선학,2024-06-04,12537,6356,6181
신연수,2024-06-04,12425,6307,6118
원인재,2024-06-04,6119,3306,2813
동춘,2024-06-04,21470,10525,10945
동막,2024-06-04,11049,5886,5163
캠퍼스타운,2024-06-04,13276,6682,6594
테크노파크,2024-06-04,22609,11179,11430
지식정보단지,2024-06-04,11667,5649,6018
인천대입구,2024-06-04,19774,9982,9792
센트럴파크(재외동포청),2024-06-04,8186,4107,4079
국제업무지구,2024-06-04,4583,2339,2244
송도달빛축제공원,2024-06-04,11468,5745,5723
계양,2024-06-05,8924,4431,4493
귤현,2024-06-05,2812,1145,1667
박촌,2024-06-05,8221,4396,3825
임학,2024-06-05,17683,8930,8753
계산,2024-06-05,22364,11326,11038
경인교대입구,2024-06-05,12263,6215,6048
작전,2024-06-05,30880,15752,15128
갈산,2024-06-05,20428,10409,10019
부평구청,2024-06-05,15154,7444,7710
부평시장,2024-06-05,28626,14401,14225
부평,2024-06-05,14453,7041,7412
동수,2024-06-05,8815,4485,4330
부평삼거리,2024-06-05,5659,2877,2782
간석오거리,2024-06-05,23080,12028,11052
인천시청,2024-06-05,13277,6683,6594
예술회관,2024-06-05,26380,12714,13666
인천터미널,2024-06-05,29790,14437,15353
문학경기장,2024-06-05,13483,6388,7095
선학,2024-06-05,13355,6757,6598
신연수,2024-06-05,12513,6393,6120
원인재,2024-06-05,6344,3371,2973
동춘,2024-06-05,22856,11184,11672
동막,2024-06-05,11524,6189,5335
캠퍼스타운,2024-06-05,14170,7496,6674
테크노파크,2024-06-05,23637,11828,11809
지식정보단지,2024-06-05,11908,5805,6103
인천대입구,2024-06-05,20157,10175,9982
센트럴파크(재외동포청),2024-06-05,8535,4240,4295
국제업무지구,2024-06-05,4588,2299,2289
송도달빛축제공원,2024-06-05,11713,5838,5875
계양,2024-06-06,5819,2799,3020
귤현,2024-06-06,1328,588,740
박촌,2024-06-06,4915,2523,2392
임학,2024-06-06,10575,5329,5246
계산,2024-06-06,15637,7807,7830
경인교대입구,2024-06-06,7777,4035,3742
작전,2024-06-06,17787,9084,8703
갈산,2024-06-06,8472,4351,4121
부평구청,2024-06-06,8796,4299,4497
부평시장,2024-06-06,16651,8300,8351
부평,2024-06-06,11087,5779,5308
동수,2024-06-06,4844,2463,2381
부평삼거리,2024-06-06,3858,1919,1939
간석오거리,2024-06-06,14783,7709,7074
인천시청,2024-06-06,6406,3265,3141
예술회관,2024-06-06,15063,7332,7731
인천터미널,2024-06-06,24325,12112,12213
문학경기장,2024-06-06,17161,8379,8782
선학,2024-06-06,9088,4514,4574
신연수,2024-06-06,5880,3100,2780
원인재,2024-06-06,3313,1711,1602
동춘,2024-06-06,14493,7104,7389
동막,2024-06-06,5552,2858,2694
캠퍼스타운,2024-06-06,8021,4187,3834
테크노파크,2024-06-06,17725,8738,8987
지식정보단지,2024-06-06,3881,1949,1932
인천대입구,2024-06-06,10378,5286,5092
센트럴파크(재외동포청),2024-06-06,7232,3527,3705
국제업무지구,2024-06-06,1970,998,972
송도달빛축제공원,2024-06-06,7930,3954,3976
계양,2024-06-07,7744,3862,3882
귤현,2024-06-07,2482,1012,1470
박촌,2024-06-07,7893,4166,3727
임학,2024-06-07,16288,8214,8074
계산,2024-06-07,20300,10227,10073
경인교대입구,2024-06-07,10914,5537,5377
작전,2024-06-07,29734,15179,14555
갈산,2024-06-07,17721,9098,8623
부평구청,2024-06-07,13830,6792,7038
부평시장,2024-06-07,26775,13330,13445
부평,2024-06-07,14565,7157,7408
동수,2024-06-07,7955,4097,3858
부평삼거리,2024-06-07,5285,2715,2570
간석오거리,2024-06-07,20809,10926,9883
인천시청,2024-06-07,10512,5307,5205
예술회관,2024-06-07,24208,11776,12432
인천터미널,2024-06-07,28909,14154,14755
문학경기장,2024-06-07,3712,1891,1821
선학,2024-06-07,12299,6124,6175
신연수,2024-06-07,10769,5519,5250
원인재,2024-06-07,5441,2840,2601
동춘,2024-06-07,20475,10000,10475
동막,2024-06-07,10008,5278,4730
캠퍼스타운,2024-06-07,12143,6187,5956
테크노파크,2024-06-07,22375,11269,11106
지식정보단지,2024-06-07,8974,4384,4590
인천대입구,2024-06-07,16564,8380,8184
센트럴파크(재외동포청),2024-06-07,8499,4232,4267
국제업무지구,2024-06-07,4050,2063,1987
송도달빛축제공원,2024-06-07,10671,5453,5218
계양,2024-06-08,5651,2704,2947
귤현,2024-06-08,1443,687,756
박촌,2024-06-08,5360,2829,2531
임학,2024-06-08,11370,5787,5583
계산,2024-06-08,15001,7535,7466
경인교대입구,2024-06-08,8568,4288,4280
작전,2024-06-08,21445,11002,10443
갈산,2024-06-08,9687,5009,4678
부평구청,2024-06-08,9868,4838,5030
부평시장,2024-06-08,17617,8872,8745
부평,2024-06-08,12335,6096,6239
동수,2024-06-08,5078,2584,2494
부평삼거리,2024-06-08,3654,1806,1848
간석오거리,2024-06-08,15168,7938,7230
인천시청,2024-06-08,7179,3668,3511
예술회관,2024-06-08,16260,7606,8654
인천터미널,2024-06-08,25059,12232,12827
문학경기장,2024-06-08,2465,1164,1301
선학,2024-06-08,9418,4723,4695
신연수,2024-06-08,6093,3199,2894
원인재,2024-06-08,3691,1901,1790
동춘,2024-06-08,14014,6974,7040
동막,2024-06-08,6280,3326,2954
캠퍼스타운,2024-06-08,7615,3960,3655
테크노파크,2024-06-08,17437,8722,8715
지식정보단지,2024-06-08,3937,2027,1910
인천대입구,2024-06-08,12222,6188,6034
센트럴파크(재외동포청),2024-06-08,6918,3435,3483
국제업무지구,2024-06-08,2033,1070,963
송도달빛축제공원,2024-06-08,7752,3928,3824
계양,2024-06-09,4980,2306,2674
귤현,2024-06-09,1166,557,609
박촌,2024-06-09,4317,2250,2067
임학,2024-06-09,9062,4651,4411
계산,2024-06-09,13947,6844,7103
경인교대입구,2024-06-09,7311,3667,3644
작전,2024-06-09,15397,7827,7570
갈산,2024-06-09,6692,3377,3315
부평구청,2024-06-09,7253,3557,3696
부평시장,2024-06-09,14804,7335,7469
부평,2024-06-09,8884,4767,4117
동수,2024-06-09,4184,2125,2059
부평삼거리,2024-06-09,3338,1643,1695
간석오거리,2024-06-09,11991,6239,5752
인천시청,2024-06-09,5744,2886,2858
예술회관,2024-06-09,11468,5628,5840
인천터미널,2024-06-09,21954,11225,10729
문학경기장,2024-06-09,1393,673,720
선학,2024-06-09,7903,3882,4021
신연수,2024-06-09,4460,2275,2185
원인재,2024-06-09,2512,1312,1200
동춘,2024-06-09,8958,4469,4489
동막,2024-06-09,4460,2334,2126
캠퍼스타운,2024-06-09,6050,2906,3144
테크노파크,2024-06-09,13809,6751,7058
지식정보단지,2024-06-09,2940,1427,1513
인천대입구,2024-06-09,7710,3711,3999
센트럴파크(재외동포청),2024-06-09,5105,2508,2597
국제업무지구,2024-06-09,1066,551,515
송도달빛축제공원,2024-06-09,6429,3194,3235
계양,2024-06-10,8272,4137,4135
귤현,2024-06-10,2670,1086,1584
박촌,2024-06-10,8031,4230,3801
임학,2024-06-10,16783,8501,8282
계산,2024-06-10,21872,11186,10686
경인교대입구,2024-06-10,11604,5737,5867
작전,2024-06-10,30225,15370,14855
갈산,2024-06-10,19257,9792,9465
부평구청,2024-06-10,14190,6990,7200
부평시장,2024-06-10,27220,13623,13597
부평,2024-06-10,12587,6367,6220
동수,2024-06-10,8137,4126,4011
부평삼거리,2024-06-10,5131,2587,2544
간석오거리,2024-06-10,21672,11321,10351
인천시청,2024-06-10,11406,5758,5648
예술회관,2024-06-10,23540,11673,11867
인천터미널,2024-06-10,23792,11548,12244
문학경기장,2024-06-10,3900,1934,1966
선학,2024-06-10,11885,5943,5942
신연수,2024-06-10,12174,6219,5955
원인재,2024-06-10,5954,3249,2705
동춘,2024-06-10,20962,10240,10722
동막,2024-06-10,10462,5521,4941
캠퍼스타운,2024-06-10,12693,6302,6391
테크노파크,2024-06-10,21608,10798,10810
지식정보단지,2024-06-10,11278,5465,5813
인천대입구,2024-06-10,18268,9085,9183
센트럴파크(재외동포청),2024-06-10,7791,3896,3895
국제업무지구,2024-06-10,4376,2191,2185
송도달빛축제공원,2024-06-10,10983,5495,5488
계양,2024-06-11,8749,4378,4371
귤현,2024-06-11,2699,1060,1639
박촌,2024-06-11,8320,4364,3956
임학,2024-06-11,16676,8419,8257
계산,2024-06-11,21480,10853,10627
경인교대입구,2024-06-11,11766,5829,5937
작전,2024-06-11,30549,15486,15063
갈산,2024-06-11,19798,10005,9793
부평구청,2024-06-11,14612,7153,7459
부평시장,2024-06-11,27588,13821,13767
부평,2024-06-11,12819,6499,6320
동수,2024-06-11,8722,4474,4248
부평삼거리,2024-06-11,5389,2758,2631
간석오거리,2024-06-11,22297,11558,10739
인천시청,2024-06-11,11973,6006,5967
예술회관,2024-06-11,24868,12234,12634
인천터미널,2024-06-11,25919,12603,13316
문학경기장,2024-06-11,14020,6694,7326
선학,2024-06-11,12361,6156,6205
신연수,2024-06-11,12037,6134,5903
원인재,2024-06-11,6083,3286,2797
동춘,2024-06-11,20966,10250,10716
동막,2024-06-11,10859,5766,5093
캠퍼스타운,2024-06-11,12544,6318,6226
테크노파크,2024-06-11,21974,10944,11030
지식정보단지,2024-06-11,11536,5601,5935
인천대입구,2024-06-11,18685,9435,9250
센트럴파크(재외동포청),2024-06-11,8194,4129,4065
국제업무지구,2024-06-11,4580,2331,2249
송도달빛축제공원,2024-06-11,10978,5471,5507
계양,2024-06-12,8702,4399,4303
귤현,2024-06-12,2737,1097,1640
박촌,2024-06-12,8646,4482,4164
임학,2024-06-12,16819,8467,8352
계산,2024-06-12,22098,11232,10866
경인교대입구,2024-06-12,11698,5855,5843
작전,2024-06-12,31344,15868,15476
갈산,2024-06-12,20070,10241,9829
부평구청,2024-06-12,14620,7180,7440
부평시장,2024-06-12,28271,14171,14100
부평,2024-06-12,13225,6665,6560
동수,2024-06-12,8523,4352,4171
부평삼거리,2024-06-12,5492,2769,2723
간석오거리,2024-06-12,22808,11770,11038
인천시청,2024-06-12,11642,5799,5843
예술회관,2024-06-12,24821,12099,12722
인천터미널,2024-06-12,26233,12865,13368
문학경기장,2024-06-12,15659,7481,8178
선학,2024-06-12,12654,6355,6299
신연수,2024-06-12,12389,6330,6059
원인재,2024-06-12,6084,3244,2840
동춘,2024-06-12,21492,10576,10916
동막,2024-06-12,11263,5974,5289
캠퍼스타운,2024-06-12,12869,6455,6414
테크노파크,2024-06-12,22105,11021,11084
지식정보단지,2024-06-12,11551,5682,5869
인천대입구,2024-06-12,18623,9377,9246
센트럴파크(재외동포청),2024-06-12,8388,4242,4146
국제업무지구,2024-06-12,4507,2298,2209
송도달빛축제공원,2024-06-12,11333,5626,5707
계양,2024-06-13,8754,4361,4393
귤현,2024-06-13,2779,1056,1723
박촌,2024-06-13,8423,4402,4021
임학,2024-06-13,17021,8546,8475
계산,2024-06-13,21952,11135,10817
경인교대입구,2024-06-13,11957,6032,5925
작전,2024-06-13,30943,15737,15206
갈산,2024-06-13,19653,9918,9735
부평구청,2024-06-13,14681,7295,7386
부평시장,2024-06-13,27859,13932,13927
부평,2024-06-13,13793,6991,6802
동수,2024-06-13,8482,4276,4206
부평삼거리,2024-06-13,5351,2697,2654
간석오거리,2024-06-13,22605,11756,10849
인천시청,2024-06-13,12127,6110,6017
예술회관,2024-06-13,24906,12202,12704
인천터미널,2024-06-13,27167,13564,13603
문학경기장,2024-06-13,17287,8241,9046
선학,2024-06-13,12874,6442,6432
신연수,2024-06-13,12172,6174,5998
원인재,2024-06-13,6353,3388,2965
동춘,2024-06-13,21571,10434,11137
동막,2024-06-13,11125,5961,5164
캠퍼스타운,2024-06-13,12916,6530,6386
테크노파크,2024-06-13,22854,11423,11431
지식정보단지,2024-06-13,11636,5633,6003
인천대입구,2024-06-13,19120,9736,9384
센트럴파크(재외동포청),2024-06-13,8585,4262,4323
국제업무지구,2024-06-13,4706,2377,2329
송도달빛축제공원,2024-06-13,11256,5622,5634
계양,2024-06-14,8560,4283,4277
귤현,2024-06-14,2853,1196,1657
박촌,2024-06-14,8385,4340,4045
임학,2024-06-14,17000,8541,8459
계산,2024-06-14,21788,11063,10725
경인교대입구,2024-06-14,11645,5825,5820
작전,2024-06-14,30840,15819,15021
갈산,2024-06-14,19656,10011,9645
부평구청,2024-06-14,14649,7196,7453
부평시장,2024-06-14,27667,13795,13872
부평,2024-06-14,14690,7186,7504
동수,2024-06-14,8334,4211,4123
부평삼거리,2024-06-14,5410,2713,2697
간석오거리,2024-06-14,22253,11727,10526
인천시청,2024-06-14,11588,5923,5665
예술회관,2024-06-14,26145,12617,13528
인천터미널,2024-06-14,30598,14857,15741
문학경기장,2024-06-14,4196,2105,2091
선학,2024-06-14,13850,6946,6904
신연수,2024-06-14,11939,6211,5728
원인재,2024-06-14,6402,3410,2992
동춘,2024-06-14,22597,11008,11589
동막,2024-06-14,11480,6111,5369
캠퍼스타운,2024-06-14,13217,6773,6444
테크노파크,2024-06-14,24330,12109,12221
지식정보단지,2024-06-14,11031,5328,5703
인천대입구,2024-06-14,18087,9098,8989
센트럴파크(재외동포청),2024-06-14,8703,4362,4341
국제업무지구,2024-06-14,4649,2354,2295
송도달빛축제공원,2024-06-14,11742,5936,5806
계양,2024-06-15,6235,2986,3249
귤현,2024-06-15,1562,708,854
박촌,2024-06-15,5615,3002,2613
임학,2024-06-15,12121,6145,5976
계산,2024-06-15,16942,8545,8397
경인교대입구,2024-06-15,8862,4545,4317
작전,2024-06-15,22516,11586,10930
갈산,2024-06-15,11008,5654,5354
부평구청,2024-06-15,10483,5086,5397
부평시장,2024-06-15,18807,9394,9413
부평,2024-06-15,13103,6490,6613
동수,2024-06-15,5096,2591,2505
부평삼거리,2024-06-15,4007,1991,2016
간석오거리,2024-06-15,16532,8673,7859
인천시청,2024-06-15,7472,3906,3566
예술회관,2024-06-15,17961,8553,9408
인천터미널,2024-06-15,26983,13002,13981
문학경기장,2024-06-15,3210,1551,1659
선학,2024-06-15,10723,5409,5314
신연수,2024-06-15,6453,3413,3040
원인재,2024-06-15,3954,2108,1846
동춘,2024-06-15,15638,7764,7874
동막,2024-06-15,6587,3477,3110
캠퍼스타운,2024-06-15,8444,4477,3967
테크노파크,2024-06-15,18554,9202,9352
지식정보단지,2024-06-15,4646,2442,2204
인천대입구,2024-06-15,11859,5948,5911
센트럴파크(재외동포청),2024-06-15,7539,3726,3813
국제업무지구,2024-06-15,2231,1143,1088
송도달빛축제공원,2024-06-15,8657,4369,4288
계양,2024-06-16,5042,2337,2705
귤현,2024-06-16,1123,506,617
박촌,2024-06-16,4184,2208,1976
임학,2024-06-16,9220,4645,4575
계산,2024-06-16,13896,6964,6932
경인교대입구,2024-06-16,7273,3617,3656
작전,2024-06-16,15414,7830,7584
갈산,2024-06-16,6625,3362,3263
부평구청,2024-06-16,7469,3685,3784
부평시장,2024-06-16,14769,7419,7350
부평,2024-06-16,9309,4906,4403
동수,2024-06-16,4195,2124,2071
부평삼거리,2024-06-16,3186,1528,1658
간석오거리,2024-06-16,12556,6569,5987
인천시청,2024-06-16,5285,2702,2583
예술회관,2024-06-16,12012,5810,6202
인천터미널,2024-06-16,21826,11144,10682
문학경기장,2024-06-16,1611,823,788
선학,2024-06-16,8144,4040,4104
신연수,2024-06-16,4914,2496,2418
원인재,2024-06-16,3283,1704,1579
동춘,2024-06-16,11600,5673,5927
동막,2024-06-16,4594,2388,2206
캠퍼스타운,2024-06-16,6233,3042,3191
테크노파크,2024-06-16,15082,7499,7583
지식정보단지,2024-06-16,3038,1493,1545
인천대입구,2024-06-16,7828,3803,4025
센트럴파크(재외동포청),2024-06-16,5273,2587,2686
국제업무지구,2024-06-16,1161,596,565
송도달빛축제공원,2024-06-16,6620,3295,3325
계양,2024-06-17,8168,4100,4068
귤현,2024-06-17,2583,1053,1530
박촌,2024-06-17,8131,4250,3881
임학,2024-06-17,16050,8104,7946
계산,2024-06-17,20645,10523,10122
경인교대입구,2024-06-17,11343,5599,5744
작전,2024-06-17,29896,15185,14711
갈산,2024-06-17,18828,9507,9321
부평구청,2024-06-17,14109,6957,7152
부평시장,2024-06-17,26995,13436,13559
부평,2024-06-17,13080,6593,6487
동수,2024-06-17,8146,4123,4023
부평삼거리,2024-06-17,5312,2713,2599
간석오거리,2024-06-17,21144,11046,10098
인천시청,2024-06-17,11347,5800,5547
예술회관,2024-06-17,23709,11685,12024
인천터미널,2024-06-17,25655,12515,13140
문학경기장,2024-06-17,3685,1839,1846
선학,2024-06-17,11818,5954,5864
신연수,2024-06-17,11231,5699,5532
원인재,2024-06-17,6049,3203,2846
동춘,2024-06-17,20779,10171,10608
동막,2024-06-17,11060,5868,5192
캠퍼스타운,2024-06-17,12175,6084,6091
테크노파크,2024-06-17,21686,10733,10953
지식정보단지,2024-06-17,10938,5329,5609
인천대입구,2024-06-17,15057,7430,7627
센트럴파크(재외동포청),2024-06-17,7528,3779,3749
국제업무지구,2024-06-17,4425,2248,2177
송도달빛축제공원,2024-06-17,10827,5421,5406
계양,2024-06-18,8261,4147,4114
귤현,2024-06-18,2671,1088,1583
박촌,2024-06-18,8350,4358,3992
임학,2024-06-18,16657,8323,8334
계산,2024-06-18,20075,10234,9841
경인교대입구,2024-06-18,11161,5626,5535
작전,2024-06-18,30516,15467,15049
갈산,2024-06-18,19244,9768,9476
부평구청,2024-06-18,14144,6924,7220
부평시장,2024-06-18,27060,13548,13512
부평,2024-06-18,12745,6369,6376
동수,2024-06-18,8446,4246,4200
부평삼거리,2024-06-18,5297,2670,2627
간석오거리,2024-06-18,21989,11471,10518
인천시청,2024-06-18,11990,6086,5904
예술회관,2024-06-18,24121,11828,12293
인천터미널,2024-06-18,25169,12359,12810
문학경기장,2024-06-18,3823,1890,1933
선학,2024-06-18,12349,6184,6165
신연수,2024-06-18,11396,5843,5553
원인재,2024-06-18,6134,3265,2869
동춘,2024-06-18,20746,10134,10612
동막,2024-06-18,10799,5671,5128
캠퍼스타운,2024-06-18,12492,6254,6238
테크노파크,2024-06-18,22275,11120,11155
지식정보단지,2024-06-18,10895,5271,5624
인천대입구,2024-06-18,15640,7845,7795
센트럴파크(재외동포청),2024-06-18,8462,4202,4260
국제업무지구,2024-06-18,4709,2386,2323
송도달빛축제공원,2024-06-18,11032,5537,5495
계양,2024-06-19,8330,4132,4198
귤현,2024-06-19,2661,1078,1583
박촌,2024-06-19,8313,4346,3967
임학,2024-06-19,16630,8407,8223
계산,2024-06-19,20392,10216,10176
경인교대입구,2024-06-19,11286,5641,5645
작전,2024-06-19,30176,15364,14812
갈산,2024-06-19,19388,9820,9568
부평구청,2024-06-19,14446,7111,7335
부평시장,2024-06-19,26878,13515,13363
부평,2024-06-19,13365,6730,6635
동수,2024-06-19,8381,4217,4164
부평삼거리,2024-06-19,5263,2635,2628
간석오거리,2024-06-19,22102,11494,10608
인천시청,2024-06-19,11710,5850,5860
예술회관,2024-06-19,24305,11932,12373
인천터미널,2024-06-19,25956,12794,13162
문학경기장,2024-06-19,4006,2027,1979
선학,2024-06-19,12250,6149,6101
신연수,2024-06-19,11317,5797,5520
원인재,2024-06-19,6032,3213,2819
동춘,2024-06-19,20870,10154,10716
동막,2024-06-19,11244,5999,5245
캠퍼스타운,2024-06-19,12367,6270,6097
테크노파크,2024-06-19,22677,11338,11339
지식정보단지,2024-06-19,10818,5205,5613
인천대입구,2024-06-19,16303,8075,8228
센트럴파크(재외동포청),2024-06-19,8248,4067,4181
국제업무지구,2024-06-19,4729,2407,2322
송도달빛축제공원,2024-06-19,10757,5366,5391
계양,2024-06-20,8222,4068,4154
귤현,2024-06-20,2580,1048,1532
박촌,2024-06-20,8245,4288,3957
임학,2024-06-20,16372,8252,8120
계산,2024-06-20,20330,10287,10043
경인교대입구,2024-06-20,11406,5735,5671
작전,2024-06-20,29694,15112,14582
갈산,2024-06-20,19425,9819,9606
부평구청,2024-06-20,14073,6919,7154
부평시장,2024-06-20,27013,13517,13496
부평,2024-06-20,13713,6868,6845
동수,2024-06-20,8358,4273,4085
부평삼거리,2024-06-20,5345,2671,2674
간석오거리,2024-06-20,22196,11578,10618
인천시청,2024-06-20,11780,5954,5826
예술회관,2024-06-20,24083,11848,12235
인천터미널,2024-06-20,26110,12838,13272
문학경기장,2024-06-20,3823,1946,1877
선학,2024-06-20,12619,6324,6295
신연수,2024-06-20,11377,5790,5587
원인재,2024-06-20,6247,3316,2931
동춘,2024-06-20,21395,10452,10943
동막,2024-06-20,11063,5831,5232
캠퍼스타운,2024-06-20,12488,6319,6169
테크노파크,2024-06-20,22418,11181,11237
지식정보단지,2024-06-20,10819,5209,5610
인천대입구,2024-06-20,15838,7969,7869
센트럴파크(재외동포청),2024-06-20,8510,4259,4251
국제업무지구,2024-06-20,4658,2326,2332
송도달빛축제공원,2024-06-20,10904,5459,5445
계양,2024-06-21,8451,4209,4242
귤현,2024-06-21,2717,1108,1609
박촌,2024-06-21,8273,4302,3971
임학,2024-06-21,16976,8531,8445
계산,2024-06-21,20715,10540,10175
경인교대입구,2024-06-21,11578,5817,5761
작전,2024-06-21,30424,15531,14893
갈산,2024-06-21,19377,9876,9501
부평구청,2024-06-21,14832,7285,7547
부평시장,2024-06-21,27855,13952,13903
부평,2024-06-21,14972,7425,7547
동수,2024-06-21,8243,4188,4055
부평삼거리,2024-06-21,5523,2792,2731
간석오거리,2024-06-21,22383,11756,10627
인천시청,2024-06-21,11710,6015,5695
예술회관,2024-06-21,26053,12442,13611
인천터미널,2024-06-21,30806,14825,15981
문학경기장,2024-06-21,11770,5543,6227
선학,2024-06-21,12742,6467,6275
신연수,2024-06-21,11581,5967,5614
원인재,2024-06-21,6150,3312,2838
동춘,2024-06-21,22395,11017,11378
동막,2024-06-21,11130,5946,5184
캠퍼스타운,2024-06-21,13243,6814,6429
테크노파크,2024-06-21,24073,12010,12063
지식정보단지,2024-06-21,10432,5117,5315
인천대입구,2024-06-21,15877,7936,7941
센트럴파크(재외동포청),2024-06-21,9278,4625,4653
국제업무지구,2024-06-21,4616,2317,2299
송도달빛축제공원,2024-06-21,11234,5691,5543
계양,2024-06-22,5738,2768,2970
귤현,2024-06-22,1563,727,836
박촌,2024-06-22,5465,2848,2617
임학,2024-06-22,11588,5918,5670
계산,2024-06-22,15244,7678,7566
경인교대입구,2024-06-22,8556,4266,4290
작전,2024-06-22,21305,11005,10300
갈산,2024-06-22,10250,5297,4953
부평구청,2024-06-22,9679,4755,4924
부평시장,2024-06-22,17718,8818,8900
부평,2024-06-22,12925,6439,6486
동수,2024-06-22,5016,2568,2448
부평삼거리,2024-06-22,3811,1943,1868
간석오거리,2024-06-22,15819,8264,7555
인천시청,2024-06-22,7195,3735,3460
예술회관,2024-06-22,17059,8030,9029
인천터미널,2024-06-22,25717,12468,13249
문학경기장,2024-06-22,12119,5821,6298
선학,2024-06-22,9563,4761,4802
신연수,2024-06-22,5892,3096,2796
원인재,2024-06-22,3394,1775,1619
동춘,2024-06-22,14535,7181,7354
동막,2024-06-22,6377,3434,2943
캠퍼스타운,2024-06-22,8084,4227,3857
테크노파크,2024-06-22,17225,8551,8674
지식정보단지,2024-06-22,4067,2095,1972
인천대입구,2024-06-22,10817,5402,5415
센트럴파크(재외동포청),2024-06-22,5967,2947,3020
국제업무지구,2024-06-22,2094,1077,1017
송도달빛축제공원,2024-06-22,7894,3994,3900
계양,2024-06-23,4790,2255,2535
귤현,2024-06-23,1131,484,647
박촌,2024-06-23,4275,2216,2059
임학,2024-06-23,8732,4436,4296
계산,2024-06-23,13352,6634,6718
경인교대입구,2024-06-23,7342,3757,3585
작전,2024-06-23,15452,7792,7660
갈산,2024-06-23,6922,3616,3306
부평구청,2024-06-23,7504,3699,3805
부평시장,2024-06-23,15099,7474,7625
부평,2024-06-23,9887,5244,4643
동수,2024-06-23,4283,2169,2114
부평삼거리,2024-06-23,3489,1737,1752
간석오거리,2024-06-23,12621,6551,6070
인천시청,2024-06-23,5424,2775,2649
예술회관,2024-06-23,12072,5795,6277
인천터미널,2024-06-23,23072,11817,11255
문학경기장,2024-06-23,10023,4933,5090
선학,2024-06-23,7875,3868,4007
신연수,2024-06-23,4689,2383,2306
원인재,2024-06-23,2618,1393,1225
동춘,2024-06-23,9643,4792,4851
동막,2024-06-23,4666,2418,2248
캠퍼스타운,2024-06-23,5995,3059,2936
테크노파크,2024-06-23,15881,7805,8076
지식정보단지,2024-06-23,2915,1432,1483
인천대입구,2024-06-23,8236,4005,4231
센트럴파크(재외동포청),2024-06-23,5013,2443,2570
국제업무지구,2024-06-23,1177,631,546
송도달빛축제공원,2024-06-23,6577,3265,3312
계양,2024-06-24,7984,3985,3999
귤현,2024-06-24,2499,1017,1482
박촌,2024-06-24,7768,4050,3718
임학,2024-06-24,15963,8062,7901
계산,2024-06-24,18972,9527,9445
경인교대입구,2024-06-24,10543,5282,5261
작전,2024-06-24,29418,14955,14463
갈산,2024-06-24,18790,9511,9279
부평구청,2024-06-24,13982,6853,7129
부평시장,2024-06-24,26767,13430,13337
부평,2024-06-24,13288,6756,6532
동수,2024-06-24,8168,4173,3995
부평삼거리,2024-06-24,5066,2534,2532
간석오거리,2024-06-24,21243,11122,10121
인천시청,2024-06-24,11419,5806,5613
예술회관,2024-06-24,24069,11890,12179
인천터미널,2024-06-24,25134,12404,12730
문학경기장,2024-06-24,3629,1827,1802
선학,2024-06-24,11749,5817,5932
신연수,2024-06-24,11266,5755,5511
원인재,2024-06-24,5774,3119,2655
동춘,2024-06-24,21109,10273,10836
동막,2024-06-24,10820,5686,5134
캠퍼스타운,2024-06-24,11987,6040,5947
테크노파크,2024-06-24,21568,10725,10843
지식정보단지,2024-06-24,10535,5088,5447
인천대입구,2024-06-24,14293,7067,7226
센트럴파크(재외동포청),2024-06-24,7844,3892,3952
국제업무지구,2024-06-24,4668,2390,2278
송도달빛축제공원,2024-06-24,10620,5286,5334
계양,2024-06-25,8154,4102,4052
귤현,2024-06-25,2557,1034,1523
박촌,2024-06-25,8096,4216,3880
임학,2024-06-25,16491,8335,8156
계산,2024-06-25,19764,10028,9736
경인교대입구,2024-06-25,10735,5356,5379
작전,2024-06-25,30491,15540,14951
갈산,2024-06-25,19709,9972,9737
부평구청,2024-06-25,14420,7100,7320
부평시장,2024-06-25,27690,13879,13811
부평,2024-06-25,13269,6698,6571
동수,2024-06-25,8480,4311,4169
부평삼거리,2024-06-25,5525,2765,2760
간석오거리,2024-06-25,22269,11564,10705
인천시청,2024-06-25,12181,6122,6059
예술회관,2024-06-25,24480,12046,12434
인천터미널,2024-06-25,26844,13200,13644
문학경기장,2024-06-25,9329,4548,4781
선학,2024-06-25,12184,6094,6090
신연수,2024-06-25,11367,5794,5573
원인재,2024-06-25,6153,3304,2849
동춘,2024-06-25,21455,10541,10914
동막,2024-06-25,10872,5762,5110
캠퍼스타운,2024-06-25,12040,6074,5966
테크노파크,2024-06-25,21926,10851,11075
지식정보단지,2024-06-25,10696,5190,5506
인천대입구,2024-06-25,14624,7300,7324
센트럴파크(재외동포청),2024-06-25,8368,4199,4169
국제업무지구,2024-06-25,4794,2412,2382
송도달빛축제공원,2024-06-25,10956,5480,5476
계양,2024-06-26,8260,4121,4139
귤현,2024-06-26,2602,1073,1529
박촌,2024-06-26,8212,4264,3948
임학,2024-06-26,16674,8435,8239
계산,2024-06-26,19977,10140,9837
경인교대입구,2024-06-26,10940,5413,5527
작전,2024-06-26,30339,15436,14903
갈산,2024-06-26,19650,9931,9719
부평구청,2024-06-26,14479,7141,7338
부평시장,2024-06-26,27940,13864,14076
부평,2024-06-26,13899,7107,6792
동수,2024-06-26,8300,4184,4116
부평삼거리,2024-06-26,5414,2700,2714
간석오거리,2024-06-26,22635,11759,10876
인천시청,2024-06-26,11862,5996,5866
예술회관,2024-06-26,25321,12397,12924
인천터미널,2024-06-26,26604,13257,13347
문학경기장,2024-06-26,10483,5053,5430
선학,2024-06-26,12157,6110,6047
신연수,2024-06-26,11496,5844,5652
원인재,2024-06-26,6166,3258,2908
동춘,2024-06-26,21375,10499,10876
동막,2024-06-26,11060,5818,5242
캠퍼스타운,2024-06-26,12020,6023,5997
테크노파크,2024-06-26,22228,11142,11086
지식정보단지,2024-06-26,10716,5215,5501
인천대입구,2024-06-26,15071,7565,7506
센트럴파크(재외동포청),2024-06-26,8423,4258,4165
국제업무지구,2024-06-26,4844,2461,2383
송도달빛축제공원,2024-06-26,11076,5569,5507
계양,2024-06-27,8316,4054,4262
귤현,2024-06-27,2572,1025,1547
박촌,2024-06-27,8014,4203,3811
임학,2024-06-27,16360,8384,7976
계산,2024-06-27,19857,9971,9886
경인교대입구,2024-06-27,10760,5352,5408
작전,2024-06-27,30087,15342,14745
갈산,2024-06-27,19468,9919,9549
부평구청,2024-06-27,14411,7108,7303
부평시장,2024-06-27,27224,13699,13525
부평,2024-06-27,13584,6830,6754
동수,2024-06-27,8316,4190,4126
부평삼거리,2024-06-27,5455,2775,2680
간석오거리,2024-06-27,22011,11526,10485
인천시청,2024-06-27,11776,5966,5810
예술회관,2024-06-27,24491,11943,12548
인천터미널,2024-06-27,26505,13099,13406
문학경기장,2024-06-27,10432,4976,5456
선학,2024-06-27,12317,6190,6127
신연수,2024-06-27,11150,5727,5423
원인재,2024-06-27,6096,3252,2844
동춘,2024-06-27,21746,10575,11171
동막,2024-06-27,10713,5698,5015
캠퍼스타운,2024-06-27,12082,6075,6007
테크노파크,2024-06-27,22518,11196,11322
지식정보단지,2024-06-27,10775,5260,5515
인천대입구,2024-06-27,14423,7184,7239
센트럴파크(재외동포청),2024-06-27,8811,4379,4432
국제업무지구,2024-06-27,4986,2487,2499
송도달빛축제공원,2024-06-27,10767,5387,5380
계양,2024-06-28,8401,4221,4180
귤현,2024-06-28,2678,1093,1585
박촌,2024-06-28,8248,4340,3908
임학,2024-06-28,17181,8614,8567
계산,2024-06-28,20173,10153,10020
경인교대입구,2024-06-28,11212,5619,5593
작전,2024-06-28,31121,15928,15193
갈산,2024-06-28,19235,9686,9549
부평구청,2024-06-28,14334,7011,7323
부평시장,2024-06-28,28148,14058,14090
부평,2024-06-28,14962,7472,7490
동수,2024-06-28,8184,4189,3995
부평삼거리,2024-06-28,5563,2839,2724
간석오거리,2024-06-28,22389,11830,10559
인천시청,2024-06-28,11780,5991,5789
예술회관,2024-06-28,25648,12195,13453
인천터미널,2024-06-28,29855,14581,15274
문학경기장,2024-06-28,3698,1872,1826
선학,2024-06-28,12915,6548,6367
신연수,2024-06-28,11135,5748,5387
원인재,2024-06-28,6138,3235,2903
동춘,2024-06-28,22345,10955,11390
동막,2024-06-28,11073,5852,5221
캠퍼스타운,2024-06-28,12140,6108,6032
테크노파크,2024-06-28,23182,11509,11673
지식정보단지,2024-06-28,10625,5202,5423
인천대입구,2024-06-28,14968,7477,7491
센트럴파크(재외동포청),2024-06-28,9071,4471,4600
국제업무지구,2024-06-28,4842,2434,2408
송도달빛축제공원,2024-06-28,11395,5706,5689
계양,2024-06-29,6322,3028,3294
귤현,2024-06-29,1535,716,819
박촌,2024-06-29,5382,2854,2528
임학,2024-06-29,12147,6163,5984
계산,2024-06-29,16732,8444,8288
경인교대입구,2024-06-29,8529,4244,4285
작전,2024-06-29,21975,11233,10742
갈산,2024-06-29,10346,5234,5112
부평구청,2024-06-29,9784,4789,4995
부평시장,2024-06-29,18999,9423,9576
부평,2024-06-29,13251,6678,6573
동수,2024-06-29,5244,2686,2558
부평삼거리,2024-06-29,4050,2009,2041
간석오거리,2024-06-29,16356,8546,7810
인천시청,2024-06-29,6991,3582,3409
예술회관,2024-06-29,17563,8454,9109
인천터미널,2024-06-29,26194,12788,13406
문학경기장,2024-06-29,2785,1356,1429
선학,2024-06-29,10190,5043,5147
신연수,2024-06-29,6091,3199,2892
원인재,2024-06-29,3524,1886,1638
동춘,2024-06-29,14974,7411,7563
동막,2024-06-29,6361,3375,2986
캠퍼스타운,2024-06-29,7794,4027,3767
테크노파크,2024-06-29,19402,9567,9835
지식정보단지,2024-06-29,4282,2225,2057
인천대입구,2024-06-29,10497,5104,5393
센트럴파크(재외동포청),2024-06-29,7035,3430,3605
국제업무지구,2024-06-29,2518,1293,1225
송도달빛축제공원,2024-06-29,10136,5081,5055
계양,2024-06-30,4087,1898,2189
귤현,2024-06-30,984,444,540
박촌,2024-06-30,3855,1993,1862
임학,2024-06-30,7881,4026,3855
계산,2024-06-30,10459,5256,5203
경인교대입구,2024-06-30,6431,3218,3213
작전,2024-06-30,13748,6957,6791
갈산,2024-06-30,6143,3113,3030
부평구청,2024-06-30,6087,2984,3103
부평시장,2024-06-30,13231,6607,6624
부평,2024-06-30,8356,4438,3918
동수,2024-06-30,3781,1914,1867
부평삼거리,2024-06-30,2808,1392,1416
간석오거리,2024-06-30,11296,5879,5417
인천시청,2024-06-30,4749,2414,2335
예술회관,2024-06-30,10599,5134,5465
인천터미널,2024-06-30,19623,10000,9623
문학경기장,2024-06-30,1426,706,720
선학,2024-06-30,7205,3527,3678
신연수,2024-06-30,4111,2131,1980
원인재,2024-06-30,2236,1153,1083
동춘,2024-06-30,10061,5028,5033
동막,2024-06-30,4028,2116,1912
캠퍼스타운,2024-06-30,5172,2603,2569
테크노파크,2024-06-30,13644,6745,6899
지식정보단지,2024-06-30,2808,1377,1431
인천대입구,2024-06-30,7030,3415,3615
센트럴파크(재외동포청),2024-06-30,4577,2240,2337
국제업무지구,2024-06-30,1083,585,498
송도달빛축제공원,2024-06-30,5804,2871,2933
